% Column 0: Length, mm
% Column 1: |B|, Tesla
0.00000000e+000	2.52330537e-001	
1.05312226e-001	3.15603308e-001	
2.10624453e-001	3.86326190e-001	
3.15936679e-001	4.23681969e-001	
4.21248905e-001	4.72472952e-001	
5.26561131e-001	5.29547696e-001	
6.31873358e-001	6.01142130e-001	
7.37185584e-001	6.96248383e-001	
8.42497810e-001	7.30416693e-001	
9.47810036e-001	7.49623382e-001	
1.05312226e+000	7.72871505e-001	
1.15843449e+000	8.13335554e-001	
1.26374672e+000	8.80701715e-001	
1.36905894e+000	9.48472211e-001	
1.47437117e+000	9.91439297e-001	
1.57968339e+000	1.02351561e+000	
1.68499562e+000	1.01983467e+000	
1.79030785e+000	1.04068158e+000	
1.89562007e+000	1.07222778e+000	
2.00093230e+000	1.10280542e+000	
2.10624453e+000	1.11257024e+000	
2.21155675e+000	1.12233551e+000	
2.31686898e+000	1.13664001e+000	
2.42218120e+000	1.18650004e+000	
2.52749343e+000	1.23637977e+000	
2.63280566e+000	1.29397172e+000	
2.73811788e+000	1.35496861e+000	
2.84343011e+000	1.36498120e+000	
2.94874234e+000	1.35273644e+000	
3.05405456e+000	1.36761373e+000	
3.15936679e+000	1.22713250e+000	
3.26467901e+000	1.14618663e+000	
3.36999124e+000	1.11731876e+000	
3.47530347e+000	1.07136535e+000	
3.58061569e+000	9.90520689e-001	
3.68592792e+000	9.10461048e-001	
3.79124015e+000	8.70669753e-001	
3.89655237e+000	8.36683063e-001	
4.00186460e+000	8.05470840e-001	
4.10717682e+000	7.77367352e-001	
4.21248905e+000	7.52720880e-001	
4.31780128e+000	7.35799252e-001	
4.42311350e+000	7.37635910e-001	
4.52842573e+000	7.55587235e-001	
4.63373796e+000	7.85421532e-001	
4.73905018e+000	8.18279113e-001	
4.84436241e+000	8.53811010e-001	
4.94967463e+000	8.91697585e-001	
5.05498686e+000	9.34383065e-001	
5.16029909e+000	1.01014488e+000	
5.26561131e+000	1.08639350e+000	
5.37092354e+000	1.14478795e+000	
5.47623577e+000	1.17575553e+000	
5.58154799e+000	1.22792412e+000	
5.68686022e+000	1.35117410e+000	
5.79217244e+000	1.33782620e+000	
5.89748467e+000	1.35070384e+000	
6.00279690e+000	1.27100832e+000	
6.10810912e+000	1.17212351e+000	
6.21342135e+000	1.06388749e+000	
6.31873358e+000	9.46978024e-001	
6.42404580e+000	8.31743673e-001	
6.52935803e+000	7.69077114e-001	
6.63467025e+000	7.45206485e-001	
6.73998248e+000	7.21496672e-001	
6.84529471e+000	6.54417391e-001	
6.95060693e+000	5.68902760e-001	
7.05591916e+000	4.91804177e-001	
7.16123139e+000	4.27535967e-001	
7.26654361e+000	3.45437275e-001	
7.37185584e+000	2.63900315e-001	
7.47716806e+000	2.36521175e-001	
7.58248029e+000	2.35472331e-001	
7.68779252e+000	2.58896127e-001	
7.79310474e+000	3.15403885e-001	
7.89841697e+000	3.99226143e-001	
8.00372920e+000	4.75080409e-001	
8.10904142e+000	5.55211001e-001	
8.21435365e+000	6.48652085e-001	
8.31966587e+000	7.20580483e-001	
8.42497810e+000	7.40470344e-001	
8.53029033e+000	7.36828169e-001	
8.63560255e+000	7.69391636e-001	
8.74091478e+000	8.86408947e-001	
8.84622701e+000	9.86104716e-001	
8.95153923e+000	1.04726093e+000	
9.05685146e+000	1.08176874e+000	
9.16216368e+000	1.11636750e+000	
9.26747591e+000	1.15104900e+000	
9.37278814e+000	1.17069582e+000	
9.47810036e+000	1.16406426e+000	
9.58341259e+000	1.16520784e+000	
9.68872482e+000	1.16655451e+000	
9.79403704e+000	1.16778564e+000	
9.89934927e+000	1.16546073e+000	
1.00046615e+001	1.16313649e+000	
1.01099737e+001	1.16081292e+000	
1.02152859e+001	1.16211515e+000	
1.03205982e+001	1.16901225e+000	
1.04259104e+001	1.17593363e+000	
1.05312226e+001	1.17674882e+000	
1.06365349e+001	1.17672767e+000	
1.07418471e+001	1.17675042e+000	
1.08471593e+001	1.17681706e+000	
1.09524715e+001	1.17692758e+000	
1.10577838e+001	1.17708198e+000	
1.11630960e+001	1.20025620e+000	
1.12684082e+001	1.22796220e+000	
1.13737204e+001	1.26955195e+000	
1.14790327e+001	1.32350908e+000	
1.15843449e+001	1.34154842e+000	
1.16896571e+001	1.32349093e+000	
1.17949693e+001	1.31427241e+000	
1.19002816e+001	1.19923305e+000	
1.20055938e+001	1.09154924e+000	
1.21109060e+001	1.03107571e+000	
1.22162182e+001	9.71636244e-001	
1.23215305e+001	9.14682565e-001	
1.24268427e+001	8.72953166e-001	
1.25321549e+001	8.20725488e-001	
1.26374672e+001	7.72475340e-001	
1.27427794e+001	7.28992936e-001	
1.28480916e+001	7.04414509e-001	
1.29534038e+001	7.00655664e-001	
1.30587161e+001	7.11535449e-001	
1.31640283e+001	7.27085700e-001	
1.32693405e+001	7.46172461e-001	
1.33746527e+001	7.69312961e-001	
1.34799650e+001	8.03745962e-001	
1.35852772e+001	8.49623617e-001	
1.36905894e+001	8.63079048e-001	
1.37959016e+001	8.34777453e-001	
1.39012139e+001	7.93271098e-001	
1.40065261e+001	8.06708270e-001	
1.41118383e+001	8.54576083e-001	
1.42171505e+001	9.03639619e-001	
1.43224628e+001	1.01112886e+000	
1.44277750e+001	9.52867517e-001	
1.45330872e+001	9.12163236e-001	
1.46383995e+001	7.17035865e-001	
1.47437117e+001	5.82610629e-001	
1.48490239e+001	4.91137096e-001	
1.49543361e+001	4.05672460e-001	
1.50596484e+001	3.27385963e-001	
1.51649606e+001	2.67671236e-001	
1.52702728e+001	2.57655001e-001	
1.53755850e+001	3.13879788e-001	
1.54808973e+001	3.68958522e-001	
1.55862095e+001	4.25208294e-001	
1.56915217e+001	5.04131187e-001	
1.57968339e+001	5.82320591e-001	
1.59021462e+001	6.06348899e-001	
1.60074584e+001	6.20143288e-001	
1.61127706e+001	6.67566750e-001	
1.62180828e+001	7.97862064e-001	
1.63233951e+001	8.55327898e-001	
1.64287073e+001	9.09267095e-001	
1.65340195e+001	9.61508760e-001	
1.66393317e+001	1.01159879e+000	
1.67446440e+001	1.04266846e+000	
1.68499562e+001	1.05226378e+000	
1.69552684e+001	1.07509252e+000	
1.70605807e+001	1.09798850e+000	
1.71658929e+001	1.12094760e+000	
1.72712051e+001	1.14182408e+000	
1.73765173e+001	1.15046098e+000	
1.74818296e+001	1.15909788e+000	
1.75871418e+001	1.16464893e+000	
1.76924540e+001	1.16531909e+000	
1.77977662e+001	1.16598926e+000	
1.79030785e+001	1.16665943e+000	
1.80083907e+001	1.16732960e+000	
1.81137029e+001	1.16799978e+000	
1.82190151e+001	1.16814317e+000	
1.83243274e+001	1.16752947e+000	
1.84296396e+001	1.16690898e+000	
1.85349518e+001	1.16622649e+000	
1.86402640e+001	1.16554590e+000	
1.87455763e+001	1.16486720e+000	
1.88508885e+001	1.16419040e+000	
1.89562007e+001	1.16379258e+000	
1.90615130e+001	1.16439951e+000	
1.91668252e+001	1.16501092e+000	
1.92721374e+001	1.16255524e+000	
1.93774496e+001	1.15926092e+000	
1.94827619e+001	1.15598839e+000	
1.95880741e+001	1.15273263e+000	
1.96933863e+001	1.14949378e+000	
1.97986985e+001	1.14627198e+000	
1.99040108e+001	1.14974887e+000	
2.00093230e+001	1.15643522e+000	
2.01146352e+001	1.16008541e+000	
2.02199474e+001	1.15704543e+000	
2.03252597e+001	1.15417436e+000	
2.04305719e+001	1.15137281e+000	
2.05358841e+001	1.18268227e+000	
2.06411963e+001	1.06864271e+000	
2.07465086e+001	1.00330228e+000	
2.08518208e+001	8.52407500e-001	
2.09571330e+001	7.08063616e-001	
2.10624453e+001	6.62141702e-001	
2.11677575e+001	6.16893036e-001	
2.12730697e+001	5.65695697e-001	
2.13783819e+001	5.17395684e-001	
2.14836942e+001	5.05565429e-001	
2.15890064e+001	5.24851926e-001	
2.16943186e+001	5.47091887e-001	
2.17996308e+001	5.67074061e-001	
2.19049431e+001	5.51676211e-001	
2.20102553e+001	5.20746205e-001	
2.21155675e+001	4.97399059e-001	
2.22208797e+001	4.82763052e-001	
2.23261920e+001	4.77639648e-001	
2.24315042e+001	4.54557098e-001	
2.25368164e+001	4.21915759e-001	
2.26421286e+001	3.94230748e-001	
2.27474409e+001	3.88247693e-001	
2.28527531e+001	4.03447692e-001	
2.29580653e+001	4.22888561e-001	
2.30633776e+001	4.53234488e-001	
2.31686898e+001	4.68018472e-001	
2.32740020e+001	4.94957772e-001	
2.33793142e+001	5.26396685e-001	
2.34846265e+001	5.57524428e-001	
2.35899387e+001	6.11173898e-001	
2.36952509e+001	6.98795484e-001	
2.38005631e+001	7.86218587e-001	
2.39058754e+001	8.42713357e-001	
2.40111876e+001	8.96856041e-001	
2.41164998e+001	9.56510802e-001	
2.42218120e+001	9.97168807e-001	
2.43271243e+001	1.00587308e+000	
2.44324365e+001	1.03197856e+000	
2.45377487e+001	1.05926022e+000	
2.46430609e+001	1.08093136e+000	
2.47483732e+001	1.09084012e+000	
2.48536854e+001	1.10080534e+000	
2.49589976e+001	1.10974499e+000	
2.50643099e+001	1.11691067e+000	
2.51696221e+001	1.12408114e+000	
2.52749343e+001	1.13125632e+000	
2.53802465e+001	1.13843612e+000	
2.54855588e+001	1.14552033e+000	
2.55908710e+001	1.15250625e+000	
2.56961832e+001	1.15949604e+000	
2.58014954e+001	1.16193744e+000	
2.59068077e+001	1.16419561e+000	
2.60121199e+001	1.16645475e+000	
2.61174321e+001	1.16871485e+000	
2.62227443e+001	1.17097591e+000	
2.63280566e+001	1.17249856e+000	
2.64333688e+001	1.17032525e+000	
2.65386810e+001	1.16815277e+000	
2.66439932e+001	1.16598113e+000	
2.67493055e+001	1.16381034e+000	
2.68546177e+001	1.16164039e+000	
2.69599299e+001	1.15781059e+000	
2.70652421e+001	1.15118260e+000	
2.71705544e+001	1.14455797e+000	
2.72758666e+001	1.13777678e+000	
2.73811788e+001	1.13096876e+000	
2.74864911e+001	1.12416475e+000	
2.75918033e+001	1.11736483e+000	
2.76971155e+001	1.11056907e+000	
2.78024277e+001	1.10179145e+000	
2.79077400e+001	1.09297666e+000	
2.80130522e+001	1.08394177e+000	
2.81183644e+001	1.05752664e+000	
2.82236766e+001	1.03110085e+000	
2.83289889e+001	1.01165853e+000	
2.84343011e+001	1.00644133e+000	
2.85396133e+001	9.52296552e-001	
2.86449255e+001	8.98328923e-001	
2.87502378e+001	8.45674047e-001	
2.88555500e+001	7.62424937e-001	
2.89608622e+001	6.41151231e-001	
2.90661744e+001	5.64802429e-001	
2.91714867e+001	5.51832979e-001	
2.92767989e+001	5.35242666e-001	
2.93821111e+001	4.88600268e-001	
2.94874234e+001	4.70048852e-001	
2.95927356e+001	4.22819230e-001	
2.96980478e+001	3.93098466e-001	
2.98033600e+001	3.92689106e-001	
2.99086723e+001	4.01574168e-001	
3.00139845e+001	4.12864594e-001	
3.01192967e+001	4.28899633e-001	
3.02246089e+001	4.44742598e-001	
3.03299212e+001	4.63978815e-001	
3.04352334e+001	4.86205700e-001	
3.05405456e+001	4.90174698e-001	
3.06458578e+001	5.10326292e-001	
3.07511701e+001	5.45087714e-001	
3.08564823e+001	5.56160725e-001	
3.09617945e+001	5.32989274e-001	
3.10671067e+001	5.11338102e-001	
3.11724190e+001	5.00096130e-001	
3.12777312e+001	5.62981312e-001	
3.13830434e+001	6.26972950e-001	
3.14883557e+001	6.92770324e-001	
3.15936679e+001	7.57609250e-001	
3.16989801e+001	8.41538741e-001	
3.18042923e+001	9.64308708e-001	
3.19096046e+001	1.09528388e+000	
3.20149168e+001	1.19913805e+000	
3.21202290e+001	1.25154776e+000	
3.22255412e+001	1.24936052e+000	
3.23308535e+001	1.23507063e+000	
3.24361657e+001	1.22150182e+000	
3.25414779e+001	1.20883156e+000	
3.26467901e+001	1.19773991e+000	
3.27521024e+001	1.18665407e+000	
3.28574146e+001	1.18527009e+000	
3.29627268e+001	1.18898067e+000	
3.30680390e+001	1.19271744e+000	
3.31733513e+001	1.19648017e+000	
3.32786635e+001	1.20026860e+000	
3.33839757e+001	1.20405528e+000	
3.34892880e+001	1.20587471e+000	
3.35946002e+001	1.20613622e+000	
3.36999124e+001	1.20679387e+000	
3.38052246e+001	1.21030186e+000	
3.39105369e+001	1.21382776e+000	
3.40158491e+001	1.21737141e+000	
3.41211613e+001	1.22093265e+000	
3.42264735e+001	1.22448564e+000	
3.43317858e+001	1.22796205e+000	
3.44370980e+001	1.23145400e+000	
3.45424102e+001	1.23218139e+000	
3.46477224e+001	1.23267890e+000	
3.47530347e+001	1.23317658e+000	
3.48583469e+001	1.23367444e+000	
3.49636591e+001	1.23417248e+000	
3.50689713e+001	1.23467069e+000	
3.51742836e+001	1.22849721e+000	
3.52795958e+001	1.22194476e+000	
3.53849080e+001	1.21258498e+000	
3.54902203e+001	1.19084843e+000	
3.55955325e+001	1.16914896e+000	
3.57008447e+001	1.14748868e+000	
3.58061569e+001	1.12969533e+000	
3.59114692e+001	1.12353028e+000	
3.60167814e+001	1.07742090e+000	
3.61220936e+001	1.02748809e+000	
3.62274058e+001	9.74338538e-001	
3.63327181e+001	9.21334519e-001	
3.64380303e+001	8.38419862e-001	
3.65433425e+001	7.16966259e-001	
3.66486547e+001	7.01945379e-001	
3.67539670e+001	6.88282655e-001	
3.68592792e+001	6.44203653e-001	
3.69645914e+001	5.57574441e-001	
3.70699036e+001	4.75395003e-001	
3.71752159e+001	4.10277811e-001	
3.72805281e+001	3.51792717e-001	
3.73858403e+001	3.04690177e-001	
3.74911525e+001	2.77498481e-001	
3.75964648e+001	2.78659841e-001	
3.77017770e+001	3.39360521e-001	
3.78070892e+001	4.37527418e-001	
3.79124015e+001	5.45968486e-001	
3.80177137e+001	6.45392369e-001	
3.81230259e+001	7.99782670e-001	
3.82283381e+001	8.69114452e-001	
3.83336504e+001	8.46683789e-001	
3.84389626e+001	7.78046710e-001	
3.85442748e+001	7.32080755e-001	
3.86495870e+001	6.90873018e-001	
3.87548993e+001	7.09924172e-001	
3.88602115e+001	7.60320979e-001	
3.89655237e+001	7.86433810e-001	
3.90708359e+001	7.88210173e-001	
3.91761482e+001	7.50400078e-001	
3.92814604e+001	7.24241281e-001	
3.93867726e+001	7.13710781e-001	
3.94920848e+001	7.06890470e-001	
3.95973971e+001	7.03541523e-001	
3.97027093e+001	7.13487047e-001	
3.98080215e+001	7.37921747e-001	
3.99133338e+001	7.68681729e-001	
4.00186460e+001	8.10575106e-001	
4.01239582e+001	8.61021027e-001	
4.02292704e+001	9.15485596e-001	
4.03345827e+001	9.73704414e-001	
4.04398949e+001	1.03472996e+000	
4.05452071e+001	1.09574900e+000	
4.06505193e+001	1.24373434e+000	
4.07558316e+001	1.33000281e+000	
4.08611438e+001	1.40664247e+000	
4.09664560e+001	1.40868330e+000	
4.10717682e+001	1.39199957e+000	
4.11770805e+001	1.37724798e+000	
4.12823927e+001	1.28303831e+000	
4.13877049e+001	1.23979815e+000	
4.14930171e+001	1.21017262e+000	
4.15983294e+001	1.19568331e+000	
4.17036416e+001	1.19635142e+000	
4.18089538e+001	1.19706244e+000	
4.19142661e+001	1.19781630e+000	
4.20195783e+001	1.19861291e+000	
4.21248905e+001	1.19942637e+000	
4.22302027e+001	1.19702188e+000	
4.23355150e+001	1.19081330e+000	
4.24408272e+001	1.18464311e+000	
4.25461394e+001	1.19097870e+000	
4.26514516e+001	1.19812154e+000	
4.27567639e+001	1.20526638e+000	
4.28620761e+001	1.21103135e+000	
4.29673883e+001	1.21369076e+000	
4.30727005e+001	1.21629913e+000	
4.31780128e+001	1.22167824e+000	
4.32833250e+001	1.23305754e+000	
4.33886372e+001	1.20151221e+000	
4.34939494e+001	1.16911028e+000	
4.35992617e+001	1.13673054e+000	
4.37045739e+001	1.10219962e+000	
4.38098861e+001	1.04048882e+000	
4.39151984e+001	9.15228061e-001	
4.40205106e+001	8.33176759e-001	
4.41258228e+001	8.02502992e-001	
4.42311350e+001	7.77164464e-001	
4.43364473e+001	7.34343201e-001	
4.44417595e+001	6.83508595e-001	
4.45470717e+001	5.87528173e-001	
4.46523839e+001	4.85105991e-001	
4.47576962e+001	4.00940858e-001	
4.48630084e+001	3.19267392e-001	
4.49683206e+001	2.62354043e-001	
4.50736328e+001	2.25578946e-001	
4.51789451e+001	2.16617687e-001	
4.52842573e+001	2.52867524e-001	
4.53895695e+001	3.29017322e-001	
4.54948817e+001	3.98143096e-001	
4.56001940e+001	4.65219743e-001	
4.57055062e+001	5.45429198e-001	
4.58108184e+001	6.29577489e-001	
4.59161306e+001	6.80396896e-001	
4.60214429e+001	7.03244898e-001	
4.61267551e+001	7.26242038e-001	
4.62320673e+001	8.21024415e-001	
4.63373796e+001	9.40576709e-001	
4.64426918e+001	1.06142002e+000	
4.65480040e+001	1.15777042e+000	
4.66533162e+001	1.19746991e+000	
4.67586285e+001	1.23721111e+000	
4.68639407e+001	1.35113140e+000	
4.69692529e+001	1.25472979e+000	
4.70745651e+001	1.20940635e+000	
4.71798774e+001	1.12915833e+000	
4.72851896e+001	1.00717413e+000	
4.73905018e+001	9.37150392e-001	
4.74958140e+001	9.02199245e-001	
4.76011263e+001	8.74499082e-001	
4.77064385e+001	8.48609887e-001	
4.78117507e+001	8.36740782e-001	
4.79170629e+001	8.26882361e-001	
4.80223752e+001	8.19107228e-001	
4.81276874e+001	8.13475119e-001	
4.82329996e+001	8.10030737e-001	
4.83383119e+001	8.07911741e-001	
4.84436241e+001	8.06025351e-001	
4.85489363e+001	8.07415011e-001	
4.86542485e+001	8.12647534e-001	
4.87595608e+001	8.33932169e-001	
4.88648730e+001	8.75424930e-001	
4.89701852e+001	9.20491796e-001	
4.90754974e+001	9.68634026e-001	
4.91808097e+001	1.02830490e+000	
4.92861219e+001	1.08832272e+000	
4.93914341e+001	1.21258728e+000	
4.94967463e+001	1.30057597e+000	
4.96020586e+001	1.40468615e+000	
4.97073708e+001	1.41204516e+000	
4.98126830e+001	1.38751427e+000	
4.99179952e+001	1.36546838e+000	
5.00233075e+001	1.27689173e+000	
5.01286197e+001	1.20626730e+000	
5.02339319e+001	1.15915841e+000	
5.03392442e+001	1.12067215e+000	
5.04445564e+001	1.11220116e+000	
5.05498686e+001	1.10373021e+000	
5.06551808e+001	1.08905759e+000	
5.07604931e+001	1.05846278e+000	
5.08658053e+001	1.02813554e+000	
5.09711175e+001	1.02103590e+000	
5.10764297e+001	1.02038679e+000	
5.11817420e+001	9.88163088e-001	
5.12870542e+001	9.37164477e-001	
5.13923664e+001	8.70051220e-001	
5.14976786e+001	8.03360338e-001	
5.16029909e+001	7.70802616e-001	
5.17083031e+001	7.51622123e-001	
5.18136153e+001	7.32222945e-001	
5.19189275e+001	6.71840107e-001	
5.20242398e+001	5.83846738e-001	
5.21295520e+001	5.19919820e-001	
5.22348642e+001	4.64497313e-001	
5.23401765e+001	4.17628637e-001	
5.24454887e+001	3.72218577e-001	
5.25508009e+001	2.94647899e-001	
5.26561131e+001	2.70590097e-001	
5.27614254e+001	3.40777892e-001	
5.28667376e+001	3.97466338e-001	
5.29720498e+001	4.38545801e-001	
5.30773620e+001	4.89969430e-001	
5.31826743e+001	5.48837278e-001	
5.32879865e+001	6.30141865e-001	
5.33932987e+001	7.17028116e-001	
5.34986109e+001	7.36619835e-001	
5.36039232e+001	7.55827482e-001	
5.37092354e+001	7.84323772e-001	
5.38145476e+001	8.35402453e-001	
5.39198598e+001	9.02815837e-001	
5.40251721e+001	9.66870952e-001	
5.41304843e+001	1.00295732e+000	
5.42357965e+001	1.02076840e+000	
5.43411088e+001	1.01854063e+000	
5.44464210e+001	1.04949870e+000	
5.45517332e+001	1.08062857e+000	
5.46570454e+001	1.10333874e+000	
5.47623577e+001	1.11247168e+000	
5.48676699e+001	1.12161869e+000	
5.49729821e+001	1.15021551e+000	
5.50782943e+001	1.20290313e+000	
5.51836066e+001	1.25514927e+000	
5.52889188e+001	1.30306840e+000	
5.53942310e+001	1.35217200e+000	
5.54995432e+001	1.37435191e+000	
5.56048555e+001	1.36346998e+000	
5.57101677e+001	1.36129716e+000	
5.58154799e+001	1.23043132e+000	
5.59207921e+001	1.10999793e+000	
5.60261044e+001	1.07602532e+000	
5.61314166e+001	1.00882515e+000	
5.62367288e+001	9.41427791e-001	
5.63420410e+001	8.90231592e-001	
5.64473533e+001	8.55295337e-001	
5.65526655e+001	8.23171001e-001	
5.66579777e+001	7.94199873e-001	
5.67632900e+001	7.68988223e-001	
5.68686022e+001	7.66224538e-001	
5.69739144e+001	7.66070687e-001	
5.70792266e+001	7.67642445e-001	
5.71845389e+001	7.71430969e-001	
5.72898511e+001	7.93255323e-001	
5.73951633e+001	8.32548289e-001	
5.75004755e+001	8.74484427e-001	
5.76057878e+001	9.18701848e-001	
5.77111000e+001	9.64886974e-001	
5.78164122e+001	1.01277064e+000	
5.79217244e+001	1.06270238e+000	
5.80270367e+001	1.11305776e+000	
5.81323489e+001	1.22130765e+000	
5.82376611e+001	1.29395044e+000	
5.83429733e+001	1.37687382e+000	
5.84482856e+001	1.37880716e+000	
5.85535978e+001	1.31381574e+000	
5.86589100e+001	1.26002726e+000	
5.87642223e+001	1.17360463e+000	
5.88695345e+001	1.03649020e+000	
5.89748467e+001	9.13755446e-001	
5.90801589e+001	8.01855167e-001	
5.91854712e+001	7.59716731e-001	
5.92907834e+001	7.36096358e-001	
5.93960956e+001	7.02157310e-001	
5.95014078e+001	6.24287945e-001	
5.96067201e+001	5.41339207e-001	
5.97120323e+001	4.67989092e-001	
5.98173445e+001	4.01754074e-001	
5.99226567e+001	3.17955896e-001	
6.00279690e+001	2.51520222e-001	
6.01332812e+001	2.33505857e-001	
6.02385934e+001	2.40497059e-001	
6.03439056e+001	2.70562324e-001	
6.04492179e+001	3.42098302e-001	
6.05545301e+001	4.26781497e-001	
6.06598423e+001	4.99128574e-001	
6.07651546e+001	5.84956922e-001	
6.08704668e+001	6.75037962e-001	
6.09757790e+001	7.43321509e-001	
6.10810912e+001	7.43122576e-001	
6.11864035e+001	7.43427659e-001	
6.12917157e+001	8.03316779e-001	
6.13970279e+001	9.19582611e-001	
6.15023401e+001	1.00575167e+000	
6.16076524e+001	1.05614480e+000	
6.17129646e+001	1.09049697e+000	
6.18182768e+001	1.12494159e+000	
6.19235890e+001	1.15947040e+000	
6.20289013e+001	1.16574461e+000	
6.21342135e+001	1.16257113e+000	
6.22395257e+001	1.16417927e+000	
6.23448379e+001	1.16576332e+000	
6.24501502e+001	1.16597650e+000	
6.25554624e+001	1.16374321e+000	
6.26607746e+001	1.16151057e+000	
6.27660869e+001	1.15927858e+000	
6.28713991e+001	1.16351374e+000	
6.29767113e+001	1.17019768e+000	
6.30820235e+001	1.17543648e+000	
6.31873358e+001	1.17524324e+000	
6.32926480e+001	1.17504089e+000	
6.33979602e+001	1.17485601e+000	
6.35032724e+001	1.17468862e+000	
6.36085847e+001	1.17453872e+000	
6.37138969e+001	1.17953375e+000	
6.38192091e+001	1.20964963e+000	
6.39245213e+001	1.23976554e+000	
6.40298336e+001	1.27830077e+000	
6.41351458e+001	1.31904866e+000	
6.42404580e+001	1.34810144e+000	
6.43457702e+001	1.33637907e+000	
6.44510825e+001	1.32133889e+000	
6.45563947e+001	1.22633074e+000	
6.46617069e+001	1.06956957e+000	
6.47670192e+001	1.03901238e+000	
6.48723314e+001	9.62573516e-001	
6.49776436e+001	8.86255509e-001	
6.50829558e+001	8.22223650e-001	
6.51882681e+001	7.94321450e-001	
6.52935803e+001	7.75264007e-001	
6.53988925e+001	7.60533492e-001	
6.55042047e+001	7.50384770e-001	
6.56095170e+001	7.45005107e-001	
6.57148292e+001	7.44497895e-001	
6.58201414e+001	7.49154073e-001	
6.59254536e+001	7.57321039e-001	
6.60307659e+001	7.67689343e-001	
6.61360781e+001	8.05201023e-001	
6.62413903e+001	8.49279157e-001	
6.63467025e+001	8.52422095e-001	
6.64520148e+001	8.13030923e-001	
6.65573270e+001	7.74224947e-001	
6.66626392e+001	8.24466010e-001	
6.67679514e+001	8.73813456e-001	
6.68732637e+001	9.23201012e-001	
6.69785759e+001	9.76799138e-001	
6.70838881e+001	9.51173684e-001	
6.71892004e+001	8.02696180e-001	
6.72945126e+001	6.74602354e-001	
6.73998248e+001	5.82392315e-001	
6.75051370e+001	4.49539036e-001	
6.76104493e+001	3.26077294e-001	
6.77157615e+001	2.88628361e-001	
6.78210737e+001	2.83455059e-001	
6.79263859e+001	3.03623630e-001	
6.80316982e+001	3.43168958e-001	
6.81370104e+001	3.86658282e-001	
6.82423226e+001	4.52530620e-001	
6.83476348e+001	5.37344297e-001	
6.84529471e+001	6.01577364e-001	
6.85582593e+001	6.15136507e-001	
6.86635715e+001	6.30439388e-001	
6.87688837e+001	7.07306223e-001	
6.88741960e+001	8.13935937e-001	
6.89795082e+001	8.67143976e-001	
6.90848204e+001	9.20950569e-001	
6.91901327e+001	9.72964279e-001	
6.92954449e+001	1.02541557e+000	
6.94007571e+001	1.04329452e+000	
6.95060693e+001	1.05863041e+000	
6.96113816e+001	1.08137071e+000	
6.97166938e+001	1.10417069e+000	
6.98220060e+001	1.12702672e+000	
6.99273182e+001	1.14310029e+000	
7.00326305e+001	1.15184196e+000	
7.01379427e+001	1.16058363e+000	
7.02432549e+001	1.16359540e+000	
7.03485671e+001	1.16438632e+000	
7.04538794e+001	1.16517724e+000	
7.05591916e+001	1.16596819e+000	
7.06645038e+001	1.16675914e+000	
7.07698160e+001	1.16755011e+000	
7.08751283e+001	1.16736873e+000	
7.09804405e+001	1.16685295e+000	
7.10857527e+001	1.16630599e+000	
7.11910650e+001	1.16572075e+000	
7.12963772e+001	1.16513746e+000	
7.14016894e+001	1.16455612e+000	
7.15070016e+001	1.16397673e+000	
7.16123139e+001	1.16392499e+000	
7.17176261e+001	1.16430933e+000	
7.18229383e+001	1.16428291e+000	
7.19282505e+001	1.16095085e+000	
7.20335628e+001	1.15764536e+000	
7.21388750e+001	1.15434824e+000	
7.22441872e+001	1.15105958e+000	
7.23494994e+001	1.14777944e+000	
7.24548117e+001	1.14459484e+000	
7.25601239e+001	1.14993805e+000	
7.26654361e+001	1.15528452e+000	
7.27707483e+001	1.17092561e+000	
7.28760606e+001	1.19254611e+000	
7.29813728e+001	1.18511332e+000	
7.30866850e+001	1.15298756e+000	
7.31919973e+001	1.13685218e+000	
7.32973095e+001	1.00115897e+000	
7.34026217e+001	9.00907070e-001	
7.35079339e+001	8.41596840e-001	
7.36132462e+001	7.49636832e-001	
7.37185584e+001	6.74708788e-001	
7.38238706e+001	6.27637324e-001	
7.39291828e+001	5.70543239e-001	
7.40344951e+001	5.20368007e-001	
7.41398073e+001	5.07280694e-001	
7.42451195e+001	5.31611605e-001	
7.43504317e+001	5.57010689e-001	
7.44557440e+001	5.59619985e-001	
7.45610562e+001	5.36280645e-001	
7.46663684e+001	5.14256231e-001	
7.47716806e+001	4.91885413e-001	
7.48769929e+001	4.77049600e-001	
7.49823051e+001	4.70462172e-001	
7.50876173e+001	4.72468267e-001	
7.51929296e+001	4.49457286e-001	
7.52982418e+001	4.36873607e-001	
7.54035540e+001	4.25679151e-001	
7.55088662e+001	4.13914147e-001	
7.56141785e+001	4.16400743e-001	
7.57194907e+001	4.56467534e-001	
7.58248029e+001	4.91687978e-001	
7.59301151e+001	5.18392644e-001	
7.60354274e+001	5.36997645e-001	
7.61407396e+001	5.42045306e-001	
7.62460518e+001	5.97045627e-001	
7.63513640e+001	7.13475264e-001	
7.64566763e+001	8.17760504e-001	
7.65619885e+001	8.71775205e-001	
7.66673007e+001	9.25764175e-001	
7.67726129e+001	9.80916657e-001	
7.68779252e+001	1.00108788e+000	
7.69832374e+001	1.01448202e+000	
7.70885496e+001	1.04167967e+000	
7.71938618e+001	1.06899560e+000	
7.72991741e+001	1.08481861e+000	
7.74044863e+001	1.09462766e+000	
7.75097985e+001	1.10449345e+000	
7.76151108e+001	1.11237226e+000	
7.77204230e+001	1.11942579e+000	
7.78257352e+001	1.12648412e+000	
7.79310474e+001	1.13354717e+000	
7.80363597e+001	1.14061485e+000	
7.81416719e+001	1.14751860e+000	
7.82469841e+001	1.15439129e+000	
7.83522963e+001	1.15986993e+000	
7.84576086e+001	1.16200052e+000	
7.85629208e+001	1.16413204e+000	
7.86682330e+001	1.16626446e+000	
7.87735452e+001	1.16839780e+000	
7.88788575e+001	1.17053203e+000	
7.89841697e+001	1.17037707e+000	
7.90894819e+001	1.16793297e+000	
7.91947941e+001	1.16548982e+000	
7.93001064e+001	1.16304764e+000	
7.94054186e+001	1.16060643e+000	
7.95107308e+001	1.15816619e+000	
7.96160431e+001	1.15270752e+000	
7.97213553e+001	1.14599148e+000	
7.98266675e+001	1.13924680e+000	
7.99319797e+001	1.13235346e+000	
8.00372920e+001	1.12546362e+000	
8.01426042e+001	1.11857733e+000	
8.02479164e+001	1.11169468e+000	
8.03532286e+001	1.10443056e+000	
8.04585409e+001	1.09626089e+000	
8.05638531e+001	1.08814234e+000	
8.06691653e+001	1.07376297e+000	
8.07744775e+001	1.04743234e+000	
8.08797898e+001	1.02121220e+000	
8.09851020e+001	1.00869563e+000	
8.10904142e+001	9.88891666e-001	
8.11957264e+001	9.33208009e-001	
8.13010387e+001	8.79580846e-001	
8.14063509e+001	8.27063512e-001	
8.15116631e+001	7.23944379e-001	
8.16169754e+001	6.08891450e-001	
8.17222876e+001	5.56261447e-001	
8.18275998e+001	5.48983070e-001	
8.19329120e+001	5.28864312e-001	
8.20382243e+001	4.89165166e-001	
8.21435365e+001	4.42322521e-001	
8.22488487e+001	3.91477283e-001	
8.23541609e+001	3.83131016e-001	
8.24594732e+001	3.91346466e-001	
8.25647854e+001	4.01012520e-001	
8.26700976e+001	4.13759520e-001	
8.27754098e+001	4.38291672e-001	
8.28807221e+001	4.38753123e-001	
8.29860343e+001	4.48883500e-001	
8.30913465e+001	4.68055414e-001	
8.31966587e+001	4.95219876e-001	
8.33019710e+001	5.20667570e-001	
8.34072832e+001	5.47101044e-001	
8.35125954e+001	5.49048676e-001	
8.36179077e+001	5.26714954e-001	
8.37232199e+001	5.06139403e-001	
8.38285321e+001	5.20695689e-001	
8.39338443e+001	5.75090954e-001	
8.40391566e+001	6.37296218e-001	
8.41444688e+001	7.12861696e-001	
8.42497810e+001	7.98603159e-001	
8.43550932e+001	8.77097383e-001	
8.44604055e+001	9.42320619e-001	
8.45657177e+001	1.05505918e+000	
8.46710299e+001	1.19719562e+000	
8.47763421e+001	1.21479587e+000	
8.48816544e+001	1.24818314e+000	
8.49869666e+001	1.25265326e+000	
8.50922788e+001	1.22314775e+000	
8.51975910e+001	1.20078870e+000	
8.53029033e+001	1.19069988e+000	
8.54082155e+001	1.18066896e+000	
8.55135277e+001	1.18436626e+000	
8.56188400e+001	1.18821842e+000	
8.57241522e+001	1.19208561e+000	
8.58294644e+001	1.19596770e+000	
8.59347766e+001	1.19986453e+000	
8.60400889e+001	1.20372586e+000	
8.61454011e+001	1.20469267e+000	
8.62507133e+001	1.20531898e+000	
8.63560255e+001	1.20729461e+000	
8.64613378e+001	1.21090857e+000	
8.65666500e+001	1.21454073e+000	
8.66719622e+001	1.21819094e+000	
8.67772744e+001	1.22185903e+000	
8.68825867e+001	1.22547846e+000	
8.69878989e+001	1.22905989e+000	
8.70932111e+001	1.23187384e+000	
8.71985233e+001	1.23242597e+000	
8.73038356e+001	1.23297825e+000	
8.74091478e+001	1.23353068e+000	
8.75144600e+001	1.23408327e+000	
8.76197722e+001	1.23463602e+000	
8.77250845e+001	1.23321828e+000	
8.78303967e+001	1.22672182e+000	
8.79357089e+001	1.22022577e+000	
8.80410212e+001	1.20584813e+000	
8.81463334e+001	1.18416328e+000	
8.82516456e+001	1.16251631e+000	
8.83569578e+001	1.14090937e+000	
8.84622701e+001	1.12778097e+000	
8.85675823e+001	1.11214426e+000	
8.86728945e+001	1.06147015e+000	
8.87782067e+001	1.01078817e+000	
8.88835190e+001	9.57367522e-001	
8.89888312e+001	9.04380154e-001	
8.90941434e+001	7.96219679e-001	
8.91994556e+001	7.12510771e-001	
8.93047679e+001	6.97778279e-001	
8.94100801e+001	6.84471463e-001	
8.95153923e+001	6.18611160e-001	
8.96207045e+001	5.28507004e-001	
8.97260168e+001	4.51210825e-001	
8.98313290e+001	3.84503284e-001	
8.99366412e+001	3.04583898e-001	
9.00419535e+001	2.51993651e-001	
9.01472657e+001	2.62802599e-001	
9.02525779e+001	3.06366243e-001	
9.03578901e+001	3.75747728e-001	
9.04632024e+001	4.49221994e-001	
9.05685146e+001	5.24355819e-001	
9.06738268e+001	7.12635283e-001	
9.07791390e+001	8.27120293e-001	
9.08844513e+001	8.48264745e-001	
9.09897635e+001	8.05343214e-001	
9.10950757e+001	7.62126806e-001	
9.12003879e+001	7.19215176e-001	
9.13057002e+001	6.87747821e-001	
9.14110124e+001	7.36287824e-001	
9.15163246e+001	7.85040751e-001	
9.16216368e+001	7.86202297e-001	
9.17269491e+001	7.63002056e-001	
9.18322613e+001	7.25713490e-001	
9.19375735e+001	7.13895991e-001	
9.20428858e+001	7.06730321e-001	
9.21481980e+001	7.03102468e-001	
9.22535102e+001	7.03243309e-001	
9.23588224e+001	7.21041557e-001	
9.24641347e+001	7.48067767e-001	
9.25694469e+001	7.81613397e-001	
9.26747591e+001	8.28772774e-001	
9.27800713e+001	8.80973064e-001	
9.28853836e+001	9.36862059e-001	
9.29906958e+001	9.96494647e-001	
9.30960080e+001	1.05725705e+000	
9.32013202e+001	1.14219949e+000	
9.33066325e+001	1.26424199e+000	
9.34119447e+001	1.37150350e+000	
9.35172569e+001	1.41111472e+000	
9.36225691e+001	1.40410814e+000	
9.37278814e+001	1.38794220e+000	
9.38331936e+001	1.34824538e+000	
9.39385058e+001	1.26051062e+000	
9.40438181e+001	1.23062760e+000	
9.41491303e+001	1.20098084e+000	
9.42544425e+001	1.19646678e+000	
9.43597547e+001	1.19709411e+000	
9.44650670e+001	1.19776481e+000	
9.45703792e+001	1.19847882e+000	
9.46756914e+001	1.19923606e+000	
9.47810036e+001	1.19997879e+000	
9.48863159e+001	1.19517666e+000	
9.49916281e+001	1.18890982e+000	
9.50969403e+001	1.18630884e+000	
9.52022525e+001	1.19339591e+000	
9.53075648e+001	1.20048495e+000	
9.54128770e+001	1.20757591e+000	
9.55181892e+001	1.21179804e+000	
9.56235014e+001	1.21440618e+000	
9.57288137e+001	1.21698172e+000	
9.58341259e+001	1.22507474e+000	
9.59394381e+001	1.22288356e+000	
9.60447504e+001	1.19036219e+000	
9.61500626e+001	1.15786128e+000	
9.62553748e+001	1.12538262e+000	
9.63606870e+001	1.08082517e+000	
9.64659993e+001	9.99919212e-001	
9.65713115e+001	8.72041582e-001	
9.66766237e+001	8.21923753e-001	
9.67819359e+001	7.91184294e-001	
9.68872482e+001	7.59113698e-001	
9.69925604e+001	7.20524689e-001	
9.70978726e+001	6.59007872e-001	
9.72031848e+001	5.49077285e-001	
9.73084971e+001	4.52824880e-001	
9.74138093e+001	3.71859126e-001	
9.75191215e+001	2.96904440e-001	
9.76244337e+001	2.47337589e-001	
9.77297460e+001	2.19439502e-001	
9.78350582e+001	2.21552890e-001	
9.79403704e+001	2.78714208e-001	
9.80456826e+001	3.57774412e-001	
9.81509949e+001	4.21138997e-001	
9.82563071e+001	4.94781265e-001	
9.83616193e+001	5.79913142e-001	
9.84669316e+001	6.60937311e-001	
9.85722438e+001	6.95947056e-001	
9.86775560e+001	7.19993478e-001	
9.87828682e+001	7.59636094e-001	
9.88881805e+001	8.65170068e-001	
9.89934927e+001	9.84803234e-001	
9.90988049e+001	1.10674676e+000	
9.92041171e+001	1.17616760e+000	
9.93094294e+001	1.21776851e+000	
9.94147416e+001	1.25940028e+000	
9.95200538e+001	1.30799965e+000	
9.96253660e+001	1.26477515e+000	
9.97306783e+001	1.19509963e+000	
9.98359905e+001	1.11003424e+000	
9.99413027e+001	9.92056623e-001	
1.00046615e+002	9.36776638e-001	
1.00151927e+002	8.96525891e-001	
1.00257239e+002	8.57505249e-001	
1.00362552e+002	8.28131948e-001	
1.00467864e+002	8.12826748e-001	
1.00573176e+002	8.01203212e-001	
1.00678488e+002	7.93423163e-001	
1.00783801e+002	7.90919828e-001	
1.00889113e+002	7.91750360e-001	
1.00994425e+002	7.94153871e-001	
1.01099737e+002	7.98800047e-001	
1.01205049e+002	8.05650089e-001	
1.01310362e+002	8.14648404e-001	
1.01415674e+002	8.44053618e-001	
1.01520986e+002	8.95113110e-001	
1.01626298e+002	9.49297825e-001	
1.01731611e+002	1.00464763e+000	
1.01836923e+002	1.05683835e+000	
1.01942235e+002	1.10933992e+000	
1.02047547e+002	1.24862732e+000	
1.02152859e+002	1.33739740e+000	
1.02258172e+002	1.40570465e+000	
1.02363484e+002	1.40188410e+000	
1.02468796e+002	1.37912010e+000	
1.02574108e+002	1.34769318e+000	
1.02679421e+002	1.24375245e+000	
1.02784733e+002	1.19223756e+000	
1.02890045e+002	1.14529812e+000	
1.02995357e+002	1.11964122e+000	
1.03100670e+002	1.11105866e+000	
1.03205982e+002	1.10247617e+000	
1.03311294e+002	1.08020395e+000	
1.03416606e+002	1.04944143e+000	
1.03521918e+002	1.01883932e+000	
1.03627231e+002	1.02388757e+000	
1.03732543e+002	1.00968249e+000	
1.03837855e+002	9.77966140e-001	
1.03943167e+002	9.14824605e-001	
1.04048480e+002	8.47868788e-001	
1.04153792e+002	7.92114567e-001	
1.04259104e+002	7.64335243e-001	
1.04364416e+002	7.44928535e-001	
1.04469728e+002	7.25183303e-001	
1.04575041e+002	6.41464258e-001	
1.04680353e+002	5.62456846e-001	
1.04785665e+002	5.02054753e-001	
1.04890977e+002	4.48438789e-001	
1.04996290e+002	4.04317722e-001	
1.05101602e+002	3.45113863e-001	
1.05206914e+002	2.73384436e-001	
1.05312226e+002	2.93103277e-001	
1.05417538e+002	3.66901178e-001	
1.05522851e+002	4.10605149e-001	
1.05628163e+002	4.56620711e-001	
1.05733475e+002	5.11693613e-001	
1.05838787e+002	5.75272732e-001	
1.05944100e+002	6.61942731e-001	
1.06049412e+002	7.20352606e-001	
1.06154724e+002	7.36789479e-001	
1.06260036e+002	7.55209902e-001	
1.06365349e+002	7.89912352e-001	
1.06470661e+002	8.55179039e-001	
1.06575973e+002	9.28979807e-001	
1.06681285e+002	9.84351018e-001	
1.06786597e+002	1.01799249e+000	
1.06891910e+002	1.02043397e+000	
1.06997222e+002	1.02908359e+000	
1.07102534e+002	1.06020064e+000	
1.07207846e+002	1.09158481e+000	
1.07313159e+002	1.10674849e+000	
1.07418471e+002	1.11560636e+000	
1.07523783e+002	1.12447647e+000	
1.07629095e+002	1.16769583e+000	
1.07734407e+002	1.22060726e+000	
1.07839720e+002	1.27138043e+000	
1.07945032e+002	1.32012394e+000	
1.08050344e+002	1.36990408e+000	
1.08155656e+002	1.37208593e+000	
1.08260969e+002	1.36288243e+000	
1.08366281e+002	1.34251100e+000	
1.08471593e+002	1.17588814e+000	
1.08576905e+002	1.10060638e+000	
1.08682218e+002	1.04430435e+000	
1.08787530e+002	9.60133899e-001	
1.08892842e+002	8.77477680e-001	
1.08998154e+002	8.47921506e-001	
1.09103466e+002	8.29333805e-001	
1.09208779e+002	8.13392183e-001	
1.09314091e+002	8.00254791e-001	
1.09419403e+002	7.92461675e-001	
1.09524715e+002	7.91907774e-001	
1.09630028e+002	7.93880537e-001	
1.09735340e+002	7.97375131e-001	
1.09840652e+002	8.03412810e-001	
1.09945964e+002	8.32383801e-001	
1.10051276e+002	8.67488640e-001	
1.10156589e+002	9.04785604e-001	
1.10261901e+002	9.44014904e-001	
1.10367213e+002	9.84945678e-001	
1.10472525e+002	1.02740221e+000	
1.10577838e+002	1.07821910e+000	
1.10683150e+002	1.12901349e+000	
1.10788462e+002	1.27678264e+000	
1.10893774e+002	1.31200238e+000	
1.10999086e+002	1.39665918e+000	
1.11104399e+002	1.35496694e+000	
1.11209711e+002	1.29622911e+000	
1.11315023e+002	1.24258239e+000	
1.11420335e+002	1.12383387e+000	
1.11525648e+002	9.95825099e-001	
1.11630960e+002	8.73295055e-001	
1.11736272e+002	7.75825661e-001	
1.11841584e+002	7.52170890e-001	
1.11946897e+002	7.28667792e-001	
1.12052209e+002	6.78969906e-001	
1.12157521e+002	5.96304782e-001	
1.12262833e+002	5.16349356e-001	
1.12368145e+002	4.47427539e-001	
1.12473458e+002	3.74110873e-001	
1.12578770e+002	2.90991937e-001	
1.12684082e+002	2.43064613e-001	
1.12789394e+002	2.33379914e-001	
1.12894707e+002	2.48703219e-001	
1.13000019e+002	2.88218688e-001	
1.13105331e+002	3.70032696e-001	
1.13210643e+002	4.51381612e-001	
1.13315955e+002	5.25255453e-001	
1.13421268e+002	6.14761480e-001	
1.13526580e+002	6.95816169e-001	
1.13631892e+002	7.39768576e-001	
1.13737204e+002	7.35723512e-001	
1.13842517e+002	7.32132856e-001	
1.13947829e+002	8.44313208e-001	
1.14053141e+002	9.59231083e-001	
1.14158453e+002	1.02932704e+000	
1.14263765e+002	1.06659010e+000	
1.14369078e+002	1.10136229e+000	
1.14474390e+002	1.13621363e+000	
1.14579702e+002	1.17028150e+000	
1.14685014e+002	1.16268927e+000	
1.14790327e+002	1.16169278e+000	
1.14895639e+002	1.16368491e+000	
1.15000951e+002	1.16564250e+000	
1.15106263e+002	1.16515787e+000	
1.15211576e+002	1.16358413e+000	
1.15316888e+002	1.16201090e+000	
1.15422200e+002	1.16096231e+000	
1.15527512e+002	1.16805854e+000	
1.15632824e+002	1.17518905e+000	
1.15738137e+002	1.17868757e+000	
1.15843449e+002	1.17913609e+000	
1.15948761e+002	1.17959011e+000	
1.16054073e+002	1.18005942e+000	
1.16159386e+002	1.18054399e+000	
1.16264698e+002	1.18104380e+000	
1.16370010e+002	1.19625962e+000	
1.16475322e+002	1.22601153e+000	
1.16580634e+002	1.25759927e+000	
1.16685947e+002	1.29680606e+000	
1.16791259e+002	1.33689600e+000	
1.16896571e+002	1.34851701e+000	
1.17001883e+002	1.33275164e+000	
1.17107196e+002	1.32018105e+000	
1.17212508e+002	1.17586728e+000	
1.17317820e+002	1.06533702e+000	
1.17423132e+002	1.01980253e+000	
1.17528445e+002	9.45154555e-001	
1.17633757e+002	8.71859106e-001	
1.17739069e+002	8.22705404e-001	
1.17844381e+002	7.98656787e-001	
1.17949693e+002	7.82635276e-001	
1.18055006e+002	7.70174059e-001	
1.18160318e+002	7.61447952e-001	
1.18265630e+002	7.56586202e-001	
1.18370942e+002	7.55663400e-001	
1.18476255e+002	7.58223685e-001	
1.18581567e+002	7.64508113e-001	
1.18686879e+002	7.81663136e-001	
1.18792191e+002	8.41448740e-001	
1.18897503e+002	8.64540746e-001	
1.19002816e+002	8.49340559e-001	
1.19108128e+002	8.04288066e-001	
1.19213440e+002	7.86838597e-001	
1.19318752e+002	8.34101089e-001	
1.19424065e+002	8.85186863e-001	
1.19529377e+002	9.70356162e-001	
1.19634689e+002	9.45935296e-001	
1.19740001e+002	9.52718326e-001	
1.19845313e+002	7.84034185e-001	
1.19950626e+002	6.15162504e-001	
1.20055938e+002	5.19027454e-001	
1.20161250e+002	4.33370743e-001	
1.20266562e+002	3.51449261e-001	
1.20371875e+002	2.84444468e-001	
1.20477187e+002	2.43074164e-001	
1.20582499e+002	2.91519335e-001	
1.20687811e+002	3.55126875e-001	
1.20793124e+002	4.00634625e-001	
1.20898436e+002	4.72893551e-001	
1.21003748e+002	5.55792662e-001	
1.21109060e+002	5.99133753e-001	
1.21214372e+002	6.12582506e-001	
1.21319685e+002	6.27879138e-001	
1.21424997e+002	7.50962660e-001	
1.21530309e+002	8.34833026e-001	
1.21635621e+002	8.88706809e-001	
1.21740934e+002	9.42790182e-001	
1.21846246e+002	9.92202412e-001	
1.21951558e+002	1.03816770e+000	
1.22056870e+002	1.04587041e+000	
1.22162182e+002	1.06527701e+000	
1.22267495e+002	1.08841070e+000	
1.22372807e+002	1.11160961e+000	
1.22478119e+002	1.13486973e+000	
1.22583431e+002	1.14665789e+000	
1.22688744e+002	1.15584022e+000	
1.22794056e+002	1.16457031e+000	
1.22899368e+002	1.16537940e+000	
1.23004680e+002	1.16618849e+000	
1.23109992e+002	1.16699759e+000	
1.23215305e+002	1.16780671e+000	
1.23320617e+002	1.16861584e+000	
1.23425929e+002	1.16932208e+000	
1.23531241e+002	1.16878888e+000	
1.23636554e+002	1.16825718e+000	
1.23741866e+002	1.16766760e+000	
1.23847178e+002	1.16706332e+000	
1.23952490e+002	1.16646081e+000	
1.24057803e+002	1.16586005e+000	
1.24163115e+002	1.16526107e+000	
1.24268427e+002	1.16559713e+000	
1.24373739e+002	1.16606080e+000	
1.24479051e+002	1.16474598e+000	
1.24584364e+002	1.16123398e+000	
1.24689676e+002	1.15775136e+000	
1.24794988e+002	1.15428485e+000	
1.24900300e+002	1.15083462e+000	
1.25005613e+002	1.14740080e+000	
1.25110925e+002	1.14737402e+000	
1.25216237e+002	1.15384689e+000	
1.25321549e+002	1.16033791e+000	
1.25426861e+002	1.15730320e+000	
1.25532174e+002	1.15426053e+000	
1.25637486e+002	1.15128696e+000	
1.25742798e+002	1.16279253e+000	
1.25848110e+002	1.10058308e+000	
1.25953423e+002	1.02001880e+000	
1.26058735e+002	9.12096482e-001	
1.26164047e+002	7.30459862e-001	
1.26269359e+002	6.75306331e-001	
1.26374672e+002	6.33432190e-001	
1.26479984e+002	5.81411184e-001	
1.26585296e+002	5.32039404e-001	
1.26690608e+002	5.02383004e-001	
1.26795920e+002	5.16551256e-001	
1.26901233e+002	5.38425568e-001	
1.27006545e+002	5.61189744e-001	
1.27111857e+002	5.59203259e-001	
1.27217169e+002	5.29529728e-001	
1.27322482e+002	5.03955506e-001	
1.27427794e+002	4.86732725e-001	
1.27533106e+002	4.78763525e-001	
1.27638418e+002	4.66722033e-001	
1.27743730e+002	4.33290000e-001	
1.27849043e+002	4.02438997e-001	
1.27954355e+002	3.88717316e-001	
1.28059667e+002	3.96952707e-001	
1.28164979e+002	4.15782056e-001	
1.28270292e+002	4.41583310e-001	
1.28375604e+002	4.63294215e-001	
1.28480916e+002	4.83558172e-001	
1.28586228e+002	5.16185402e-001	
1.28691540e+002	5.46420894e-001	
1.28796853e+002	5.81430807e-001	
1.28902165e+002	6.69043540e-001	
1.29007477e+002	7.56488467e-001	
1.29112789e+002	8.24560821e-001	
1.29218102e+002	8.77389283e-001	
1.29323414e+002	9.35955299e-001	
1.29428726e+002	9.95022710e-001	
1.29534038e+002	1.00198962e+000	
1.29639351e+002	1.02259887e+000	
1.29744663e+002	1.04987723e+000	
1.29849975e+002	1.07715510e+000	
1.29955287e+002	1.08740017e+000	
1.30060599e+002	1.09743487e+000	
1.30165912e+002	1.10739776e+000	
1.30271224e+002	1.11451022e+000	
1.30376536e+002	1.12162756e+000	
1.30481848e+002	1.12874968e+000	
1.30587161e+002	1.13587651e+000	
1.30692473e+002	1.14297508e+000	
1.30797785e+002	1.14990675e+000	
1.30903097e+002	1.15684235e+000	
1.31008409e+002	1.16079066e+000	
1.31113722e+002	1.16296682e+000	
1.31219034e+002	1.16514389e+000	
1.31324346e+002	1.16732187e+000	
1.31429658e+002	1.16950075e+000	
1.31534971e+002	1.17168052e+000	
1.31640283e+002	1.17005222e+000	
1.31745595e+002	1.16766308e+000	
1.31850907e+002	1.16527490e+000	
1.31956220e+002	1.16288769e+000	
1.32061532e+002	1.16050145e+000	
1.32166844e+002	1.15795017e+000	
1.32272156e+002	1.15129912e+000	
1.32377468e+002	1.14465100e+000	
1.32482781e+002	1.13791338e+000	
1.32588093e+002	1.13108866e+000	
1.32693405e+002	1.12426745e+000	
1.32798717e+002	1.11744983e+000	
1.32904030e+002	1.11063584e+000	
1.33009342e+002	1.10301768e+000	
1.33114654e+002	1.09495437e+000	
1.33219966e+002	1.08694214e+000	
1.33325278e+002	1.06661755e+000	
1.33430591e+002	1.04041759e+000	
1.33535903e+002	1.01546156e+000	
1.33641215e+002	1.00911522e+000	
1.33746527e+002	9.72410921e-001	
1.33851840e+002	9.17703053e-001	
1.33957152e+002	8.64968659e-001	
1.34062464e+002	8.04981503e-001	
1.34167776e+002	6.82985858e-001	
1.34273088e+002	5.86962202e-001	
1.34378401e+002	5.56252374e-001	
1.34483713e+002	5.42150483e-001	
1.34589025e+002	5.00209329e-001	
1.34694337e+002	4.73700134e-001	
1.34799650e+002	4.58123620e-001	
1.34904962e+002	3.96425764e-001	
1.35010274e+002	3.91828310e-001	
1.35115586e+002	3.99128236e-001	
1.35220899e+002	4.06903971e-001	
1.35326211e+002	4.24228875e-001	
1.35431523e+002	4.38424079e-001	
1.35536835e+002	4.56050011e-001	
1.35642147e+002	4.76726290e-001	
1.35747460e+002	4.85577407e-001	
1.35852772e+002	5.00396453e-001	
1.35958084e+002	5.31136240e-001	
1.36063396e+002	5.61491378e-001	
1.36168709e+002	5.41753020e-001	
1.36274021e+002	5.21082068e-001	
1.36379333e+002	5.03507969e-001	
1.36484645e+002	5.44221404e-001	
1.36589957e+002	6.05574535e-001	
1.36695270e+002	6.69234143e-001	
1.36800582e+002	7.32351971e-001	
1.36905894e+002	8.03225989e-001	
1.37011206e+002	8.99904546e-001	
1.37116519e+002	1.06529728e+000	
1.37221831e+002	1.15782024e+000	
1.37327143e+002	1.24744797e+000	
1.37432455e+002	1.25586798e+000	
1.37537767e+002	1.24169110e+000	
1.37643080e+002	1.22824538e+000	
1.37748392e+002	1.21563094e+000	
1.37853704e+002	1.20423291e+000	
1.37959016e+002	1.19312637e+000	
1.38064329e+002	1.18673639e+000	
1.38169641e+002	1.19022843e+000	
1.38274953e+002	1.19374605e+000	
1.38380265e+002	1.19728900e+000	
1.38485578e+002	1.20085707e+000	
1.38590890e+002	1.20443983e+000	
1.38696202e+002	1.20722575e+000	
1.38801514e+002	1.20728134e+000	
1.38906826e+002	1.20736150e+000	
1.39012139e+002	1.21002668e+000	
1.39117451e+002	1.21341927e+000	
1.39222763e+002	1.21682997e+000	
1.39328075e+002	1.22025862e+000	
1.39433388e+002	1.22370506e+000	
1.39538700e+002	1.22706631e+000	
1.39644012e+002	1.23042993e+000	
1.39749324e+002	1.23205267e+000	
1.39854636e+002	1.23245836e+000	
1.39959949e+002	1.23286424e+000	
1.40065261e+002	1.23327029e+000	
1.40170573e+002	1.23367652e+000	
1.40275885e+002	1.23408294e+000	
1.40381198e+002	1.23035386e+000	
1.40486510e+002	1.22401286e+000	
1.40591822e+002	1.21767219e+000	
1.40697134e+002	1.19826797e+000	
1.40802447e+002	1.17661481e+000	
1.40907759e+002	1.15499883e+000	
1.41013071e+002	1.13342217e+000	
1.41118383e+002	1.12533968e+000	
1.41223695e+002	1.09460748e+000	
1.41329008e+002	1.04414240e+000	
1.41434320e+002	9.92226785e-001	
1.41539632e+002	9.39058813e-001	
1.41644944e+002	8.82235593e-001	
1.41750257e+002	7.53827916e-001	
1.41855569e+002	7.06951317e-001	
1.41960881e+002	6.92696565e-001	
1.42066193e+002	6.67807090e-001	
1.42171505e+002	5.87060893e-001	
1.42276818e+002	5.00126499e-001	
1.42382130e+002	4.27907078e-001	
1.42487442e+002	3.69493565e-001	
1.42592754e+002	3.18774378e-001	
1.42698067e+002	2.83789242e-001	
1.42803379e+002	2.74467241e-001	
1.42908691e+002	3.09800185e-001	
1.43014003e+002	4.00226123e-001	
1.43119315e+002	5.06874196e-001	
1.43224628e+002	5.98022565e-001	
1.43329940e+002	7.45612444e-001	
1.43435252e+002	8.74165680e-001	
1.43540564e+002	8.58209612e-001	
1.43645877e+002	7.90780958e-001	
1.43751189e+002	7.40579813e-001	
1.43856501e+002	6.90574378e-001	
1.43961813e+002	6.72072883e-001	
1.44067126e+002	7.14149759e-001	
1.44172438e+002	7.51435207e-001	
1.44277750e+002	7.44476109e-001	
1.44383062e+002	7.44745076e-001	
1.44488374e+002	7.54214937e-001	
1.44593687e+002	7.46424595e-001	
1.44698999e+002	7.49272140e-001	
1.44804311e+002	7.56179768e-001	
1.44909623e+002	7.68900731e-001	
1.45014936e+002	7.86226574e-001	
1.45120248e+002	8.07800217e-001	
1.45225560e+002	8.33291803e-001	
1.45330872e+002	8.62353954e-001	
1.45436184e+002	8.94638770e-001	
1.45541497e+002	9.29810620e-001	
1.45646809e+002	9.98302167e-001	
1.45752121e+002	1.07325542e+000	
1.45857433e+002	1.20555040e+000	
1.45962746e+002	1.29659404e+000	
1.46068058e+002	1.40306415e+000	
1.46173370e+002	1.41278419e+000	
1.46278682e+002	1.39663070e+000	
1.46383995e+002	1.38061416e+000	
1.46489307e+002	1.31447505e+000	
1.46594619e+002	1.25034362e+000	
1.46699931e+002	1.22110443e+000	
1.46805243e+002	1.19689706e+000	
1.46910556e+002	1.19721739e+000	
1.47015868e+002	1.19757507e+000	
1.47121180e+002	1.19797008e+000	
1.47226492e+002	1.19840238e+000	
1.47331805e+002	1.19887193e+000	
1.47437117e+002	1.19849027e+000	
1.47542429e+002	1.19231310e+000	
1.47647741e+002	1.18618252e+000	
1.47753053e+002	1.18787699e+000	
1.47858366e+002	1.19463807e+000	
1.47963678e+002	1.20140165e+000	
1.48068990e+002	1.20816769e+000	
1.48174302e+002	1.21037052e+000	
1.48279615e+002	1.21243251e+000	
1.48384927e+002	1.21473188e+000	
1.48490239e+002	1.22568785e+000	
1.48595551e+002	1.20890305e+000	
1.48700863e+002	1.17640022e+000	
1.48806176e+002	1.14392104e+000	
1.48911488e+002	1.11146755e+000	
1.49016800e+002	1.05771675e+000	
1.49122112e+002	9.55355384e-001	
1.49227425e+002	8.41600998e-001	
1.49332737e+002	8.10796212e-001	
1.49438049e+002	7.81692795e-001	
1.49543361e+002	7.45216276e-001	
1.49648674e+002	7.04510019e-001	
1.49753986e+002	6.22094823e-001	
1.49859298e+002	5.14613799e-001	
1.49964610e+002	4.25773768e-001	
1.50069922e+002	3.44919073e-001	
1.50175235e+002	2.78314592e-001	
1.50280547e+002	2.34501062e-001	
1.50385859e+002	2.15382678e-001	
1.50491171e+002	2.29235223e-001	
1.50596484e+002	3.01612947e-001	
1.50701796e+002	3.78559302e-001	
1.50807108e+002	4.40166928e-001	
1.50912420e+002	5.17548031e-001	
1.51017732e+002	6.04785781e-001	
1.51123045e+002	6.74146496e-001	
1.51228357e+002	6.97531245e-001	
1.51333669e+002	7.21085124e-001	
1.51438981e+002	7.83179998e-001	
1.51544294e+002	8.97238614e-001	
1.51649606e+002	1.01301978e+000	
1.51754918e+002	1.11504847e+000	
1.51860230e+002	1.20799666e+000	
1.51965542e+002	1.28464427e+000	
1.52070855e+002	1.27712826e+000	
1.52176167e+002	1.30014523e+000	
1.52281479e+002	1.17984142e+000	
1.52386791e+002	1.13187107e+000	
1.52492104e+002	1.10636594e+000	
1.52597416e+002	1.05231866e+000	
1.52702728e+002	9.79828822e-001	
1.52808040e+002	9.08044970e-001	
1.52913353e+002	8.74541922e-001	
1.53018665e+002	8.46398655e-001	
1.53123977e+002	8.20682389e-001	
1.53229289e+002	7.97627905e-001	
1.53334601e+002	7.77472029e-001	
1.53439914e+002	7.65781093e-001	
1.53545226e+002	7.65178097e-001	
1.53650538e+002	7.78195696e-001	
1.53755850e+002	7.98262525e-001	
1.53861163e+002	8.22498121e-001	
1.53966475e+002	8.50546201e-001	
1.54071787e+002	8.82043142e-001	
1.54177099e+002	9.19985167e-001	
1.54282411e+002	9.98391545e-001	
1.54387724e+002	1.07730946e+000	
1.54493036e+002	1.12105907e+000	
1.54598348e+002	1.14764266e+000	
1.54703660e+002	1.22866256e+000	
1.54808973e+002	1.36809007e+000	
1.54914285e+002	1.35628213e+000	
1.55019597e+002	1.36903958e+000	
1.55124909e+002	1.35621706e+000	
1.55230222e+002	1.28533595e+000	
1.55335534e+002	1.22120712e+000	
1.55440846e+002	1.17413353e+000	
1.55546158e+002	1.12714461e+000	
1.55651470e+002	1.11434932e+000	
1.55756783e+002	1.10591395e+000	
1.55862095e+002	1.09747861e+000	
1.55967407e+002	1.06803733e+000	
1.56072719e+002	1.03762969e+000	
1.56178032e+002	1.01854448e+000	
1.56283344e+002	1.02526012e+000	
1.56388656e+002	9.97738304e-001	
1.56493968e+002	9.58701713e-001	
1.56599280e+002	8.91499427e-001	
1.56704593e+002	8.24682569e-001	
1.56809905e+002	7.80236771e-001	
1.56915217e+002	7.56895309e-001	
1.57020529e+002	7.37187237e-001	
1.57125842e+002	7.03201904e-001	
1.57231154e+002	6.10939881e-001	
1.57336466e+002	5.40153377e-001	
1.57441778e+002	4.82173246e-001	
1.57547090e+002	4.31791942e-001	
1.57652403e+002	3.91950759e-001	
1.57757715e+002	3.19011083e-001	
1.57863027e+002	2.52167422e-001	
