% Column 0: Length, mm
% Column 1: |B|, Tesla
0.00000000e+000	4.45782343e-002	
1.05312226e-001	6.08857970e-002	
2.10624453e-001	7.88706831e-002	
3.15936679e-001	1.06400491e-001	
4.21248905e-001	1.35480203e-001	
5.26561131e-001	1.65293822e-001	
6.31873358e-001	1.77270701e-001	
7.37185584e-001	1.72903875e-001	
8.42497810e-001	2.33025558e-001	
9.47810036e-001	3.07839823e-001	
1.05312226e+000	3.73420081e-001	
1.15843449e+000	4.23199939e-001	
1.26374672e+000	5.24964528e-001	
1.36905894e+000	6.27796737e-001	
1.47437117e+000	6.83640106e-001	
1.57968339e+000	7.24004790e-001	
1.68499562e+000	7.20128657e-001	
1.79030785e+000	7.47512644e-001	
1.89562007e+000	7.87602807e-001	
2.00093230e+000	8.26385804e-001	
2.10624453e+000	8.37019443e-001	
2.21155675e+000	8.47673016e-001	
2.31686898e+000	8.61073518e-001	
2.42218120e+000	8.95961815e-001	
2.52749343e+000	9.31046254e-001	
2.63280566e+000	9.89304349e-001	
2.73811788e+000	1.05586688e+000	
2.84343011e+000	1.07479312e+000	
2.94874234e+000	1.07351907e+000	
3.05405456e+000	1.10837873e+000	
3.15936679e+000	9.84599624e-001	
3.26467901e+000	9.19017261e-001	
3.36999124e+000	8.95693813e-001	
3.47530347e+000	8.55668967e-001	
3.58061569e+000	7.81270636e-001	
3.68592792e+000	7.06923346e-001	
3.79124015e+000	6.68359605e-001	
3.89655237e+000	6.34032840e-001	
4.00186460e+000	6.01101592e-001	
4.10717682e+000	5.69807867e-001	
4.21248905e+000	5.40436200e-001	
4.31780128e+000	5.16439005e-001	
4.42311350e+000	5.07043032e-001	
4.52842573e+000	5.09042248e-001	
4.63373796e+000	5.20015803e-001	
4.73905018e+000	5.33960196e-001	
4.84436241e+000	5.50649776e-001	
4.94967463e+000	5.69843390e-001	
5.05498686e+000	5.93197257e-001	
5.16029909e+000	6.40476017e-001	
5.26561131e+000	6.88971198e-001	
5.37092354e+000	7.26517158e-001	
5.47623577e+000	7.46590651e-001	
5.58154799e+000	7.77504778e-001	
5.68686022e+000	8.63193515e-001	
5.79217244e+000	8.13246904e-001	
5.89748467e+000	7.99828865e-001	
6.00279690e+000	7.34379814e-001	
6.10810912e+000	6.60959760e-001	
6.21342135e+000	5.76785508e-001	
6.31873358e+000	4.47483709e-001	
6.42404580e+000	3.24179735e-001	
6.52935803e+000	2.69643552e-001	
6.63467025e+000	2.03646049e-001	
6.73998248e+000	1.37740667e-001	
6.84529471e+000	1.04915499e-001	
6.95060693e+000	9.13431335e-002	
7.05591916e+000	7.83085247e-002	
7.16123139e+000	6.61035052e-002	
7.26654361e+000	5.13414533e-002	
7.37185584e+000	3.62840184e-002	
7.47716806e+000	3.87861521e-002	
7.58248029e+000	4.96126507e-002	
7.68779252e+000	6.43364314e-002	
7.79310474e+000	7.89141413e-002	
7.89841697e+000	9.16011015e-002	
8.00372920e+000	1.05075390e-001	
8.10904142e+000	1.18949745e-001	
8.21435365e+000	1.32832354e-001	
8.31966587e+000	1.71537419e-001	
8.42497810e+000	2.18186071e-001	
8.53029033e+000	2.66790499e-001	
8.63560255e+000	3.40716428e-001	
8.74091478e+000	4.78361151e-001	
8.84622701e+000	5.85997866e-001	
8.95153923e+000	6.38856419e-001	
9.05685146e+000	6.80842594e-001	
9.16216368e+000	7.23135187e-001	
9.26747591e+000	7.65683426e-001	
9.37278814e+000	7.89883656e-001	
9.47810036e+000	7.84988629e-001	
9.58341259e+000	7.92642870e-001	
9.68872482e+000	8.00529895e-001	
9.79403704e+000	8.08417113e-001	
9.89934927e+000	8.18896388e-001	
1.00046615e+001	8.29460201e-001	
1.01099737e+001	8.40105363e-001	
1.02152859e+001	8.49332534e-001	
1.03205982e+001	8.56281071e-001	
1.04259104e+001	8.63229981e-001	
1.05312226e+001	8.65956349e-001	
1.06365349e+001	8.68231210e-001	
1.07418471e+001	8.70605270e-001	
1.08471593e+001	8.73077720e-001	
1.09524715e+001	8.75647726e-001	
1.10577838e+001	8.78314431e-001	
1.11630960e+001	8.94182684e-001	
1.12684082e+001	9.12640925e-001	
1.13737204e+001	9.50126060e-001	
1.14790327e+001	1.00409970e+000	
1.15843449e+001	1.02834885e+000	
1.16896571e+001	1.02333516e+000	
1.17949693e+001	1.02950451e+000	
1.19002816e+001	9.42360097e-001	
1.20055938e+001	8.55962180e-001	
1.21109060e+001	8.01335115e-001	
1.22162182e+001	7.47061746e-001	
1.23215305e+001	6.94697791e-001	
1.24268427e+001	6.58050594e-001	
1.25321549e+001	6.08221892e-001	
1.26374672e+001	5.60814588e-001	
1.27427794e+001	5.16495865e-001	
1.28480916e+001	4.86844380e-001	
1.29534038e+001	4.69967499e-001	
1.30587161e+001	4.61299814e-001	
1.31640283e+001	4.57120838e-001	
1.32693405e+001	4.56774188e-001	
1.33746527e+001	4.61013691e-001	
1.34799650e+001	4.83381240e-001	
1.35852772e+001	5.26471701e-001	
1.36905894e+001	5.28158109e-001	
1.37959016e+001	4.69683462e-001	
1.39012139e+001	3.97758447e-001	
1.40065261e+001	3.69064584e-001	
1.41118383e+001	3.30165260e-001	
1.42171505e+001	2.86551618e-001	
1.43224628e+001	2.73555400e-001	
1.44277750e+001	2.23744951e-001	
1.45330872e+001	2.03950530e-001	
1.46383995e+001	1.50622598e-001	
1.47437117e+001	1.15858882e-001	
1.48490239e+001	9.69733399e-002	
1.49543361e+001	8.23740751e-002	
1.50596484e+001	6.78889618e-002	
1.51649606e+001	5.48786449e-002	
1.52702728e+001	5.08549264e-002	
1.53755850e+001	5.91830637e-002	
1.54808973e+001	6.68871441e-002	
1.55862095e+001	7.42613404e-002	
1.56915217e+001	8.31723996e-002	
1.57968339e+001	1.04758203e-001	
1.59021462e+001	1.53433629e-001	
1.60074584e+001	2.08139591e-001	
1.61127706e+001	3.00246496e-001	
1.62180828e+001	4.80708218e-001	
1.63233951e+001	5.33092667e-001	
1.64287073e+001	5.79810187e-001	
1.65340195e+001	6.22940661e-001	
1.66393317e+001	6.62639088e-001	
1.67446440e+001	6.83771806e-001	
1.68499562e+001	6.85886087e-001	
1.69552684e+001	7.09978213e-001	
1.70605807e+001	7.34315462e-001	
1.71658929e+001	7.58874250e-001	
1.72712051e+001	7.81180753e-001	
1.73765173e+001	7.89534368e-001	
1.74818296e+001	7.97907771e-001	
1.75871418e+001	8.03639463e-001	
1.76924540e+001	8.05176575e-001	
1.77977662e+001	8.06713731e-001	
1.79030785e+001	8.08250929e-001	
1.80083907e+001	8.09788170e-001	
1.81137029e+001	8.11325454e-001	
1.82190151e+001	8.13321152e-001	
1.83243274e+001	8.15978491e-001	
1.84296396e+001	8.18635977e-001	
1.85349518e+001	8.21277301e-001	
1.86402640e+001	8.23921082e-001	
1.87455763e+001	8.26567297e-001	
1.88508885e+001	8.29215923e-001	
1.89562007e+001	8.31479269e-001	
1.90615130e+001	8.32342709e-001	
1.91668252e+001	8.33206431e-001	
1.92721374e+001	8.32720658e-001	
1.93774496e+001	8.31894055e-001	
1.94827619e+001	8.31086190e-001	
1.95880741e+001	8.30287926e-001	
1.96933863e+001	8.29499291e-001	
1.97986985e+001	8.28720313e-001	
1.99040108e+001	8.30504023e-001	
2.00093230e+001	8.33534711e-001	
2.01146352e+001	8.34869009e-001	
2.02199474e+001	8.32427590e-001	
2.03252597e+001	8.30081595e-001	
2.04305719e+001	8.27772262e-001	
2.05358841e+001	8.50913517e-001	
2.06411963e+001	7.66194044e-001	
2.07465086e+001	7.14608905e-001	
2.08518208e+001	5.93391013e-001	
2.09571330e+001	4.76696622e-001	
2.10624453e+001	4.37053993e-001	
2.11677575e+001	3.87815097e-001	
2.12730697e+001	3.16815594e-001	
2.13783819e+001	2.55247145e-001	
2.14836942e+001	2.54070196e-001	
2.15890064e+001	2.19112583e-001	
2.16943186e+001	1.72138971e-001	
2.17996308e+001	1.32446846e-001	
2.19049431e+001	1.30683554e-001	
2.20102553e+001	1.21457195e-001	
2.21155675e+001	1.12259095e-001	
2.22208797e+001	1.03095976e-001	
2.23261920e+001	9.39780715e-002	
2.24315042e+001	8.30152056e-002	
2.25368164e+001	7.11758026e-002	
2.26421286e+001	6.13986912e-002	
2.27474409e+001	6.24730095e-002	
2.28527531e+001	6.56434588e-002	
2.29580653e+001	7.15644961e-002	
2.30633776e+001	7.90426116e-002	
2.31686898e+001	8.80367686e-002	
2.32740020e+001	1.03754814e-001	
2.33793142e+001	1.42173004e-001	
2.34846265e+001	1.88863999e-001	
2.35899387e+001	2.59365027e-001	
2.36952509e+001	3.71016977e-001	
2.38005631e+001	4.83969204e-001	
2.39058754e+001	5.42757727e-001	
2.40111876e+001	5.95296403e-001	
2.41164998e+001	6.49038874e-001	
2.42218120e+001	6.83314844e-001	
2.43271243e+001	6.83894906e-001	
2.44324365e+001	7.09311408e-001	
2.45377487e+001	7.36489224e-001	
2.46430609e+001	7.57437446e-001	
2.47483732e+001	7.65026099e-001	
2.48536854e+001	7.72722063e-001	
2.49589976e+001	7.79875474e-001	
2.50643099e+001	7.85995521e-001	
2.51696221e+001	7.92127711e-001	
2.52749343e+001	7.98271767e-001	
2.53802465e+001	8.04427415e-001	
2.54855588e+001	8.10492380e-001	
2.55908710e+001	8.16463402e-001	
2.56961832e+001	8.22444316e-001	
2.58014954e+001	8.23831729e-001	
2.59068077e+001	8.25033111e-001	
2.60121199e+001	8.26234597e-001	
2.61174321e+001	8.27436188e-001	
2.62227443e+001	8.28637883e-001	
2.63280566e+001	8.29511106e-001	
2.64333688e+001	8.28741546e-001	
2.65386810e+001	8.27972073e-001	
2.66439932e+001	8.27202685e-001	
2.67493055e+001	8.26433383e-001	
2.68546177e+001	8.25664167e-001	
2.69599299e+001	8.23173185e-001	
2.70652421e+001	8.17784480e-001	
2.71705544e+001	8.12404818e-001	
2.72758666e+001	8.06867205e-001	
2.73811788e+001	8.01307721e-001	
2.74864911e+001	7.95758760e-001	
2.75918033e+001	7.90220545e-001	
2.76971155e+001	7.84693303e-001	
2.78024277e+001	7.78128753e-001	
2.79077400e+001	7.71615914e-001	
2.80130522e+001	7.64895886e-001	
2.81183644e+001	7.38573211e-001	
2.82236766e+001	7.12398989e-001	
2.83289889e+001	6.95354120e-001	
2.84343011e+001	6.98324852e-001	
2.85396133e+001	6.48478990e-001	
2.86449255e+001	6.00256678e-001	
2.87502378e+001	5.48340034e-001	
2.88555500e+001	4.53720681e-001	
2.89608622e+001	3.05027764e-001	
2.90661744e+001	2.24480438e-001	
2.91714867e+001	1.59072410e-001	
2.92767989e+001	1.16487842e-001	
2.93821111e+001	8.97936562e-002	
2.94874234e+001	7.00406388e-002	
2.95927356e+001	4.97460264e-002	
2.96980478e+001	4.10117609e-002	
2.98033600e+001	3.61088738e-002	
2.99086723e+001	3.27596607e-002	
3.00139845e+001	3.56178663e-002	
3.01192967e+001	4.37443783e-002	
3.02246089e+001	4.87736287e-002	
3.03299212e+001	5.39702956e-002	
3.04352334e+001	5.92903743e-002	
3.05405456e+001	7.04468193e-002	
3.06458578e+001	8.19496653e-002	
3.07511701e+001	9.35548110e-002	
3.08564823e+001	1.06942879e-001	
3.09617945e+001	1.53530162e-001	
3.10671067e+001	2.02890474e-001	
3.11724190e+001	2.22150141e-001	
3.12777312e+001	2.65195475e-001	
3.13830434e+001	3.42323362e-001	
3.14883557e+001	4.24081425e-001	
3.15936679e+001	4.89899631e-001	
3.16989801e+001	5.63837591e-001	
3.18042923e+001	6.70842717e-001	
3.19096046e+001	7.79313745e-001	
3.20149168e+001	8.59512031e-001	
3.21202290e+001	9.00412791e-001	
3.22255412e+001	8.98519089e-001	
3.23308535e+001	8.87763091e-001	
3.24361657e+001	8.77487978e-001	
3.25414779e+001	8.67883954e-001	
3.26467901e+001	8.62287094e-001	
3.27521024e+001	8.56705657e-001	
3.28574146e+001	8.55043341e-001	
3.29627268e+001	8.55439652e-001	
3.30680390e+001	8.55853023e-001	
3.31733513e+001	8.56283430e-001	
3.32786635e+001	8.56730847e-001	
3.33839757e+001	8.57210656e-001	
3.34892880e+001	8.56690166e-001	
3.35946002e+001	8.55346839e-001	
3.36999124e+001	8.53910053e-001	
3.38052246e+001	8.51760664e-001	
3.39105369e+001	8.49611898e-001	
3.40158491e+001	8.47463760e-001	
3.41211613e+001	8.45316253e-001	
3.42264735e+001	8.43162870e-001	
3.43317858e+001	8.40986623e-001	
3.44370980e+001	8.38811101e-001	
3.45424102e+001	8.37199344e-001	
3.46477224e+001	8.35634432e-001	
3.47530347e+001	8.34069632e-001	
3.48583469e+001	8.32504942e-001	
3.49636591e+001	8.30940365e-001	
3.50689713e+001	8.29375900e-001	
3.51742836e+001	8.22668983e-001	
3.52795958e+001	8.15679468e-001	
3.53849080e+001	8.05435884e-001	
3.54902203e+001	7.80872111e-001	
3.55955325e+001	7.56501591e-001	
3.57008447e+001	7.32343619e-001	
3.58061569e+001	7.14065449e-001	
3.59114692e+001	7.15922126e-001	
3.60167814e+001	6.77258695e-001	
3.61220936e+001	6.37126593e-001	
3.62274058e+001	5.90044174e-001	
3.63327181e+001	5.43314638e-001	
3.64380303e+001	4.45026107e-001	
3.65433425e+001	2.67775486e-001	
3.66486547e+001	2.11239148e-001	
3.67539670e+001	1.55086699e-001	
3.68592792e+001	1.09410618e-001	
3.69645914e+001	9.15713995e-002	
3.70699036e+001	7.99207538e-002	
3.71752159e+001	6.86949654e-002	
3.72805281e+001	6.43707746e-002	
3.73858403e+001	6.05319678e-002	
3.74911525e+001	5.32245722e-002	
3.75964648e+001	5.00900334e-002	
3.77017770e+001	6.12736215e-002	
3.78070892e+001	7.98993329e-002	
3.79124015e+001	9.92287189e-002	
3.80177137e+001	1.14415460e-001	
3.81230259e+001	1.66550722e-001	
3.82283381e+001	1.97223409e-001	
3.83336504e+001	2.16363787e-001	
3.84389626e+001	2.48325580e-001	
3.85442748e+001	2.93492954e-001	
3.86495870e+001	3.29092982e-001	
3.87548993e+001	3.75185968e-001	
3.88602115e+001	4.56309611e-001	
3.89655237e+001	5.02277082e-001	
3.90708359e+001	5.10295093e-001	
3.91761482e+001	4.71089380e-001	
3.92814604e+001	4.51429243e-001	
3.93867726e+001	4.55604012e-001	
3.94920848e+001	4.63318664e-001	
3.95973971e+001	4.74099477e-001	
3.97027093e+001	4.92011195e-001	
3.98080215e+001	5.18438973e-001	
3.99133338e+001	5.49863264e-001	
4.00186460e+001	5.90820585e-001	
4.01239582e+001	6.38735129e-001	
4.02292704e+001	6.89284757e-001	
4.03345827e+001	7.41263848e-001	
4.04398949e+001	7.90474726e-001	
4.05452071e+001	8.39970791e-001	
4.06505193e+001	9.69783939e-001	
4.07558316e+001	1.02819035e+000	
4.08611438e+001	1.08934256e+000	
4.09664560e+001	1.08406501e+000	
4.10717682e+001	1.04940904e+000	
4.11770805e+001	1.01653753e+000	
4.12823927e+001	9.48330787e-001	
4.13877049e+001	9.17752026e-001	
4.14930171e+001	8.96999803e-001	
4.15983294e+001	8.85106174e-001	
4.17036416e+001	8.82221346e-001	
4.18089538e+001	8.79430978e-001	
4.19142661e+001	8.76735971e-001	
4.20195783e+001	8.74137208e-001	
4.21248905e+001	8.71643554e-001	
4.22302027e+001	8.67061492e-001	
4.23355150e+001	8.59843858e-001	
4.24408272e+001	8.52626534e-001	
4.25461394e+001	8.42616572e-001	
4.26514516e+001	8.32496457e-001	
4.27567639e+001	8.22451113e-001	
4.28620761e+001	8.13445801e-001	
4.29673883e+001	8.06662849e-001	
4.30727005e+001	7.99751356e-001	
4.31780128e+001	7.96993747e-001	
4.32833250e+001	8.06689038e-001	
4.33886372e+001	7.59604067e-001	
4.34939494e+001	7.11387119e-001	
4.35992617e+001	6.63270290e-001	
4.37045739e+001	6.15276243e-001	
4.38098861e+001	5.72171285e-001	
4.39151984e+001	4.19064585e-001	
4.40205106e+001	3.06106647e-001	
4.41258228e+001	2.41008496e-001	
4.42311350e+001	1.79371569e-001	
4.43364473e+001	1.43322411e-001	
4.44417595e+001	1.11135354e-001	
4.45470717e+001	9.22324502e-002	
4.46523839e+001	7.75477908e-002	
4.47576962e+001	6.67597026e-002	
4.48630084e+001	5.68683676e-002	
4.49683206e+001	4.68480947e-002	
4.50736328e+001	4.10874567e-002	
4.51789451e+001	4.16356479e-002	
4.52842573e+001	5.08801907e-002	
4.53895695e+001	6.58833674e-002	
4.54948817e+001	8.01854033e-002	
4.56001940e+001	9.41962637e-002	
4.57055062e+001	1.08780970e-001	
4.58108184e+001	1.27958892e-001	
4.59161306e+001	1.76615782e-001	
4.60214429e+001	2.44224691e-001	
4.61267551e+001	3.11838951e-001	
4.62320673e+001	3.97866487e-001	
4.63373796e+001	5.34589242e-001	
4.64426918e+001	6.62461070e-001	
4.65480040e+001	7.30284763e-001	
4.66533162e+001	7.70057875e-001	
4.67586285e+001	8.11329865e-001	
4.68639407e+001	9.36302478e-001	
4.69692529e+001	8.84295766e-001	
4.70745651e+001	8.58229370e-001	
4.71798774e+001	7.98096734e-001	
4.72851896e+001	7.05163895e-001	
4.73905018e+001	6.54187985e-001	
4.74958140e+001	6.29294275e-001	
4.76011263e+001	6.09549152e-001	
4.77064385e+001	5.91225841e-001	
4.78117507e+001	5.83202674e-001	
4.79170629e+001	5.76768588e-001	
4.80223752e+001	5.71977213e-001	
4.81276874e+001	5.68870057e-001	
4.82329996e+001	5.67474787e-001	
4.83383119e+001	5.67142153e-001	
4.84436241e+001	5.67265019e-001	
4.85489363e+001	5.69906297e-001	
4.86542485e+001	5.75413076e-001	
4.87595608e+001	5.93340352e-001	
4.88648730e+001	6.27169670e-001	
4.89701852e+001	6.63880492e-001	
4.90754974e+001	7.03021560e-001	
4.91808097e+001	7.50067739e-001	
4.92861219e+001	7.97428639e-001	
4.93914341e+001	9.02721893e-001	
4.94967463e+001	9.62794108e-001	
4.96020586e+001	1.04354129e+000	
4.97073708e+001	1.04812905e+000	
4.98126830e+001	1.00902217e+000	
4.99179952e+001	9.71871622e-001	
5.00233075e+001	9.11576111e-001	
5.01286197e+001	8.67122593e-001	
5.02339319e+001	8.37656389e-001	
5.03392442e+001	8.12814126e-001	
5.04445564e+001	8.04112999e-001	
5.05498686e+001	7.95439266e-001	
5.06551808e+001	7.77361815e-001	
5.07604931e+001	7.34998289e-001	
5.08658053e+001	6.92924691e-001	
5.09711175e+001	6.76680463e-001	
5.10764297e+001	6.68528057e-001	
5.11817420e+001	6.18992070e-001	
5.12870542e+001	5.41396494e-001	
5.13923664e+001	4.38102763e-001	
5.14976786e+001	3.37301333e-001	
5.16029909e+001	2.95474618e-001	
5.17083031e+001	2.22930003e-001	
5.18136153e+001	1.50730774e-001	
5.19189275e+001	1.17511822e-001	
5.20242398e+001	1.21923354e-001	
5.21295520e+001	1.02615943e-001	
5.22348642e+001	8.06059879e-002	
5.23401765e+001	6.50549280e-002	
5.24454887e+001	5.88190083e-002	
5.25508009e+001	4.98127689e-002	
5.26561131e+001	5.07494009e-002	
5.27614254e+001	6.71606767e-002	
5.28667376e+001	8.85446866e-002	
5.29720498e+001	1.16849663e-001	
5.30773620e+001	1.46325747e-001	
5.31826743e+001	1.76386799e-001	
5.32879865e+001	1.76649077e-001	
5.33932987e+001	1.84383661e-001	
5.34986109e+001	2.58227127e-001	
5.36039232e+001	3.33273357e-001	
5.37092354e+001	3.86706332e-001	
5.38145476e+001	4.57019231e-001	
5.39198598e+001	5.59062006e-001	
5.40251721e+001	6.54840202e-001	
5.41304843e+001	6.98467990e-001	
5.42357965e+001	7.21107836e-001	
5.43411088e+001	7.20173200e-001	
5.44464210e+001	7.59784721e-001	
5.45517332e+001	7.99686501e-001	
5.46570454e+001	8.28113874e-001	
5.47623577e+001	8.38042715e-001	
5.48676699e+001	8.47972478e-001	
5.49729821e+001	8.70347992e-001	
5.50782943e+001	9.08173091e-001	
5.51836066e+001	9.47275331e-001	
5.52889188e+001	1.00106150e+000	
5.53942310e+001	1.05577968e+000	
5.54995432e+001	1.08198591e+000	
5.56048555e+001	1.08162529e+000	
5.57101677e+001	1.10448873e+000	
5.58154799e+001	9.92558511e-001	
5.59207921e+001	8.87136705e-001	
5.60261044e+001	8.59070153e-001	
5.61314166e+001	7.97808649e-001	
5.62367288e+001	7.36111971e-001	
5.63420410e+001	6.87800969e-001	
5.64473533e+001	6.52574393e-001	
5.65526655e+001	6.18756349e-001	
5.66579777e+001	5.86590502e-001	
5.67632900e+001	5.56571731e-001	
5.68686022e+001	5.44618772e-001	
5.69739144e+001	5.34563790e-001	
5.70792266e+001	5.25847893e-001	
5.71845389e+001	5.18928902e-001	
5.72898511e+001	5.24236870e-001	
5.73951633e+001	5.41924861e-001	
5.75004755e+001	5.62474373e-001	
5.76057878e+001	5.85584233e-001	
5.77111000e+001	6.10963972e-001	
5.78164122e+001	6.38342905e-001	
5.79217244e+001	6.69190431e-001	
5.80270367e+001	7.00958234e-001	
5.81323489e+001	7.77005981e-001	
5.82376611e+001	8.12042610e-001	
5.83429733e+001	8.54048682e-001	
5.84482856e+001	8.48653229e-001	
5.85535978e+001	7.87434288e-001	
5.86589100e+001	7.29372999e-001	
5.87642223e+001	6.62939757e-001	
5.88695345e+001	5.53165828e-001	
5.89748467e+001	4.18008864e-001	
5.90801589e+001	3.11688643e-001	
5.91854712e+001	2.46952065e-001	
5.92907834e+001	1.80923511e-001	
5.93960956e+001	1.22633954e-001	
5.95014078e+001	9.96519385e-002	
5.96067201e+001	8.64009936e-002	
5.97120323e+001	7.37133573e-002	
5.98173445e+001	6.11096321e-002	
5.99226567e+001	4.62152664e-002	
6.00279690e+001	3.56187446e-002	
6.01332812e+001	4.16634583e-002	
6.02385934e+001	5.41075442e-002	
6.03439056e+001	6.95991574e-002	
6.04492179e+001	8.32332580e-002	
6.05545301e+001	9.63868727e-002	
6.06598423e+001	1.10235932e-001	
6.07651546e+001	1.24185902e-001	
6.08704668e+001	1.44053253e-001	
6.09757790e+001	1.86583841e-001	
6.10810912e+001	2.35734486e-001	
6.11864035e+001	2.85124745e-001	
6.12917157e+001	3.79037805e-001	
6.13970279e+001	5.19298858e-001	
6.15023401e+001	6.01388838e-001	
6.16076524e+001	6.51128417e-001	
6.17129646e+001	6.93123693e-001	
6.18182768e+001	7.35409644e-001	
6.19235890e+001	7.77938870e-001	
6.20289013e+001	7.85760536e-001	
6.21342135e+001	7.86116035e-001	
6.22395257e+001	7.94289939e-001	
6.23448379e+001	8.02377716e-001	
6.24501502e+001	8.11366990e-001	
6.25554624e+001	8.22052176e-001	
6.26607746e+001	8.32822318e-001	
6.27660869e+001	8.43674161e-001	
6.28713991e+001	8.51605244e-001	
6.29767113e+001	8.58422122e-001	
6.30820235e+001	8.64197835e-001	
6.31873358e+001	8.66173491e-001	
6.32926480e+001	8.68219474e-001	
6.33979602e+001	8.70313173e-001	
6.35032724e+001	8.72454245e-001	
6.36085847e+001	8.74642342e-001	
6.37138969e+001	8.79952263e-001	
6.38192091e+001	9.00348768e-001	
6.39245213e+001	9.20754358e-001	
6.40298336e+001	9.61035758e-001	
6.41351458e+001	1.00492870e+000	
6.42404580e+001	1.03705963e+000	
6.43457702e+001	1.03163170e+000	
6.44510825e+001	1.04334895e+000	
6.45563947e+001	9.71777290e-001	
6.46617069e+001	8.36002248e-001	
6.47670192e+001	8.12891010e-001	
6.48723314e+001	7.45159122e-001	
6.49776436e+001	6.76288430e-001	
6.50829558e+001	6.15869733e-001	
6.51882681e+001	5.83311026e-001	
6.52935803e+001	5.58591754e-001	
6.53988925e+001	5.37318273e-001	
6.55042047e+001	5.19913734e-001	
6.56095170e+001	5.06776914e-001	
6.57148292e+001	4.98245497e-001	
6.58201414e+001	4.88405872e-001	
6.59254536e+001	4.72427391e-001	
6.60307659e+001	4.59081772e-001	
6.61360781e+001	4.83492816e-001	
6.62413903e+001	5.21208498e-001	
6.63467025e+001	5.11965347e-001	
6.64520148e+001	4.29694515e-001	
6.65573270e+001	3.56922521e-001	
6.66626392e+001	3.45996589e-001	
6.67679514e+001	3.09647286e-001	
6.68732637e+001	2.73128577e-001	
6.69785759e+001	2.54620151e-001	
6.70838881e+001	2.23835585e-001	
6.71892004e+001	1.71466018e-001	
6.72945126e+001	1.40411171e-001	
6.73998248e+001	1.29070281e-001	
6.75051370e+001	9.86030595e-002	
6.76104493e+001	6.88652937e-002	
6.77157615e+001	6.13098021e-002	
6.78210737e+001	5.93062920e-002	
6.79263859e+001	6.11106990e-002	
6.80316982e+001	6.33827501e-002	
6.81370104e+001	6.88045767e-002	
6.82423226e+001	7.70389996e-002	
6.83476348e+001	8.67432741e-002	
6.84529471e+001	1.18941400e-001	
6.85582593e+001	1.73835274e-001	
6.86635715e+001	2.30430066e-001	
6.87688837e+001	3.56524367e-001	
6.88741960e+001	4.97516080e-001	
6.89795082e+001	5.43236852e-001	
6.90848204e+001	5.90199441e-001	
6.91901327e+001	6.31618534e-001	
6.92954449e+001	6.74740267e-001	
6.94007571e+001	6.81812235e-001	
6.95060693e+001	6.93056434e-001	
6.96113816e+001	7.17241333e-001	
6.97166938e+001	7.41660938e-001	
6.98220060e+001	7.66292814e-001	
6.99273182e+001	7.83223527e-001	
7.00326305e+001	7.91734506e-001	
7.01379427e+001	8.00265677e-001	
7.02432549e+001	8.03647879e-001	
7.03485671e+001	8.05034163e-001	
7.04538794e+001	8.06420479e-001	
7.05591916e+001	8.07806829e-001	
7.06645038e+001	8.09193211e-001	
7.07698160e+001	8.10579626e-001	
7.08751283e+001	8.12773459e-001	
7.09804405e+001	8.15248500e-001	
7.10857527e+001	8.17714990e-001	
7.11910650e+001	8.20170337e-001	
7.12963772e+001	8.22628182e-001	
7.14016894e+001	8.25088505e-001	
7.15070016e+001	8.27551282e-001	
7.16123139e+001	8.28960059e-001	
7.17176261e+001	8.29505406e-001	
7.18229383e+001	8.29897247e-001	
7.19282505e+001	8.29075731e-001	
7.20335628e+001	8.28284855e-001	
7.21388750e+001	8.27497332e-001	
7.22441872e+001	8.26713172e-001	
7.23494994e+001	8.25932384e-001	
7.24548117e+001	8.25186715e-001	
7.25601239e+001	8.27554227e-001	
7.26654361e+001	8.29922838e-001	
7.27707483e+001	8.39610607e-001	
7.28760606e+001	8.53489880e-001	
7.29813728e+001	8.47053204e-001	
7.30866850e+001	8.23353649e-001	
7.31919973e+001	8.12664802e-001	
7.32973095e+001	7.07917859e-001	
7.34026217e+001	6.31203057e-001	
7.35079339e+001	5.82039535e-001	
7.36132462e+001	5.01796106e-001	
7.37185584e+001	4.37303896e-001	
7.38238706e+001	3.91024197e-001	
7.39291828e+001	3.14973498e-001	
7.40344951e+001	2.57195132e-001	
7.41398073e+001	2.46969495e-001	
7.42451195e+001	2.01636633e-001	
7.43504317e+001	1.58179336e-001	
7.44557440e+001	1.33601615e-001	
7.45610562e+001	1.28304916e-001	
7.46663684e+001	1.22210019e-001	
7.47716806e+001	1.12585457e-001	
7.48769929e+001	1.02966200e-001	
7.49823051e+001	9.33538874e-002	
7.50876173e+001	8.37509099e-002	
7.51929296e+001	7.15727808e-002	
7.52982418e+001	6.93245492e-002	
7.54035540e+001	6.86007870e-002	
7.55088662e+001	6.65408104e-002	
7.56141785e+001	6.64250744e-002	
7.57194907e+001	7.99564788e-002	
7.58248029e+001	9.33195009e-002	
7.59301151e+001	1.01124214e-001	
7.60354274e+001	1.45366696e-001	
7.61407396e+001	1.92857527e-001	
7.62460518e+001	2.54663977e-001	
7.63513640e+001	3.95204934e-001	
7.64566763e+001	5.20255148e-001	
7.65619885e+001	5.72357647e-001	
7.66673007e+001	6.21441546e-001	
7.67726129e+001	6.70819487e-001	
7.68779252e+001	6.82936246e-001	
7.69832374e+001	6.91143409e-001	
7.70885496e+001	7.17886535e-001	
7.71938618e+001	7.44940592e-001	
7.72991741e+001	7.59247754e-001	
7.74044863e+001	7.66862016e-001	
7.75097985e+001	7.74582361e-001	
7.76151108e+001	7.81127895e-001	
7.77204230e+001	7.87174762e-001	
7.78257352e+001	7.93233654e-001	
7.79310474e+001	7.99304297e-001	
7.80363597e+001	8.05386424e-001	
7.81416719e+001	8.11308783e-001	
7.82469841e+001	8.17205677e-001	
7.83522963e+001	8.21705364e-001	
7.84576086e+001	8.22836780e-001	
7.85629208e+001	8.23968288e-001	
7.86682330e+001	8.25099887e-001	
7.87735452e+001	8.26231577e-001	
7.88788575e+001	8.27363358e-001	
7.89841697e+001	8.27432109e-001	
7.90894819e+001	8.26437863e-001	
7.91947941e+001	8.25443751e-001	
7.93001064e+001	8.24449772e-001	
7.94054186e+001	8.23455929e-001	
7.95107308e+001	8.22462220e-001	
7.96160431e+001	8.18346023e-001	
7.97213553e+001	8.12933663e-001	
7.98266675e+001	8.07496517e-001	
7.99319797e+001	8.01909638e-001	
8.00372920e+001	7.96332139e-001	
8.01426042e+001	7.90764217e-001	
8.02479164e+001	7.85206076e-001	
8.03532286e+001	7.79545686e-001	
8.04585409e+001	7.73677011e-001	
8.05638531e+001	7.67905852e-001	
8.06691653e+001	7.55141710e-001	
8.07744775e+001	7.29067884e-001	
8.08797898e+001	7.03285584e-001	
8.09851020e+001	6.95511252e-001	
8.10904142e+001	6.83051898e-001	
8.11957264e+001	6.32285149e-001	
8.13010387e+001	5.82877657e-001	
8.14063509e+001	5.31823242e-001	
8.15116631e+001	4.06639807e-001	
8.16169754e+001	2.64643064e-001	
8.17222876e+001	2.04019468e-001	
8.18275998e+001	1.53727468e-001	
8.19329120e+001	1.06327133e-001	
8.20382243e+001	8.41404293e-002	
8.21435365e+001	6.13318133e-002	
8.22488487e+001	4.14394464e-002	
8.23541609e+001	3.59946479e-002	
8.24594732e+001	3.38322978e-002	
8.25647854e+001	3.29833941e-002	
8.26700976e+001	3.49276028e-002	
8.27754098e+001	4.78198403e-002	
8.28807221e+001	5.74362348e-002	
8.29860343e+001	6.72042728e-002	
8.30913465e+001	7.70663142e-002	
8.31966587e+001	8.69903936e-002	
8.33019710e+001	9.33985958e-002	
8.34072832e+001	9.91669042e-002	
8.35125954e+001	1.22870950e-001	
8.36179077e+001	1.66444178e-001	
8.37232199e+001	2.11746690e-001	
8.38285321e+001	2.31419033e-001	
8.39338443e+001	3.00043752e-001	
8.40391566e+001	3.87378109e-001	
8.41444688e+001	4.50866289e-001	
8.42497810e+001	5.25059852e-001	
8.43550932e+001	6.02180863e-001	
8.44604055e+001	6.57556290e-001	
8.45657177e+001	7.47378508e-001	
8.46710299e+001	8.59594265e-001	
8.47763421e+001	8.68018799e-001	
8.48816544e+001	8.91682103e-001	
8.49869666e+001	8.95837425e-001	
8.50922788e+001	8.76972677e-001	
8.51975910e+001	8.63262046e-001	
8.53029033e+001	8.58552462e-001	
8.54082155e+001	8.53842877e-001	
8.55135277e+001	8.54185067e-001	
8.56188400e+001	8.54586737e-001	
8.57241522e+001	8.54996378e-001	
8.58294644e+001	8.55413979e-001	
8.59347766e+001	8.55839529e-001	
8.60400889e+001	8.56290876e-001	
8.61454011e+001	8.55392124e-001	
8.62507133e+001	8.54322527e-001	
8.63560255e+001	8.52794621e-001	
8.64613378e+001	8.50706599e-001	
8.65666500e+001	8.48619175e-001	
8.66719622e+001	8.46532351e-001	
8.67772744e+001	8.44446134e-001	
8.68825867e+001	8.42343351e-001	
8.69878989e+001	8.40227189e-001	
8.70932111e+001	8.38261838e-001	
8.71985233e+001	8.36731413e-001	
8.73038356e+001	8.35201079e-001	
8.74091478e+001	8.33670836e-001	
8.75144600e+001	8.32140686e-001	
8.76197722e+001	8.30610629e-001	
8.77250845e+001	8.27566694e-001	
8.78303967e+001	8.20616202e-001	
8.79357089e+001	8.13679975e-001	
8.80410212e+001	7.97590798e-001	
8.81463334e+001	7.73114210e-001	
8.82516456e+001	7.48837391e-001	
8.83569578e+001	7.24780417e-001	
8.84622701e+001	7.13858827e-001	
8.85675823e+001	7.06897830e-001	
8.86728945e+001	6.63835467e-001	
8.87782067e+001	6.22216522e-001	
8.88835190e+001	5.74787034e-001	
8.89888312e+001	5.28412932e-001	
8.90941434e+001	3.84636794e-001	
8.91994556e+001	2.49242497e-001	
8.93047679e+001	1.92870561e-001	
8.94100801e+001	1.37008245e-001	
8.95153923e+001	1.00043434e-001	
8.96207045e+001	8.82936893e-002	
8.97260168e+001	7.68847875e-002	
8.98313290e+001	6.59939475e-002	
8.99366412e+001	5.53451157e-002	
9.00419535e+001	4.67155882e-002	
9.01472657e+001	4.59536936e-002	
9.02525779e+001	5.11855006e-002	
9.03578901e+001	6.45425929e-002	
9.04632024e+001	7.78547059e-002	
9.05685146e+001	9.25519452e-002	
9.06738268e+001	1.37797565e-001	
9.07791390e+001	1.64071423e-001	
9.08844513e+001	2.01664956e-001	
9.09897635e+001	2.24394522e-001	
9.10950757e+001	2.69566671e-001	
9.12003879e+001	3.14744951e-001	
9.13057002e+001	3.36413479e-001	
9.14110124e+001	4.07328251e-001	
9.15163246e+001	4.87629757e-001	
9.16216368e+001	4.97577328e-001	
9.17269491e+001	4.77741275e-001	
9.18322613e+001	4.42126482e-001	
9.19375735e+001	4.45204279e-001	
9.20428858e+001	4.53317772e-001	
9.21481980e+001	4.64672609e-001	
9.22535102e+001	4.79176468e-001	
9.23588224e+001	5.01194201e-001	
9.24641347e+001	5.29790271e-001	
9.25694469e+001	5.63579219e-001	
9.26747591e+001	6.09101655e-001	
9.27800713e+001	6.58211897e-001	
9.28853836e+001	7.09707205e-001	
9.29906958e+001	7.60751041e-001	
9.30960080e+001	8.09940754e-001	
9.32013202e+001	8.82291755e-001	
9.33066325e+001	9.81051097e-001	
9.34119447e+001	1.06323291e+000	
9.35172569e+001	1.09417200e+000	
9.36225691e+001	1.07503013e+000	
9.37278814e+001	1.04090054e+000	
9.38331936e+001	9.96899044e-001	
9.39385058e+001	9.33702459e-001	
9.40438181e+001	9.12767094e-001	
9.41491303e+001	8.91861399e-001	
9.42544425e+001	8.85817954e-001	
9.43597547e+001	8.82891415e-001	
9.44650670e+001	8.80059950e-001	
9.45703792e+001	8.77324480e-001	
9.46756914e+001	8.74685904e-001	
9.47810036e+001	8.72163250e-001	
9.48863159e+001	8.65911218e-001	
9.49916281e+001	8.58629634e-001	
9.50969403e+001	8.50538923e-001	
9.52022525e+001	8.40335027e-001	
9.53075648e+001	8.30203973e-001	
9.54128770e+001	8.20148461e-001	
9.55181892e+001	8.12153569e-001	
9.56235014e+001	8.05265843e-001	
9.57288137e+001	7.98286494e-001	
9.58341259e+001	8.00172293e-001	
9.59394381e+001	7.92519526e-001	
9.60447504e+001	7.44138617e-001	
9.61500626e+001	6.95844877e-001	
9.62553748e+001	6.47657805e-001	
9.63606870e+001	6.00115124e-001	
9.64659993e+001	5.24302048e-001	
9.65713115e+001	3.66886240e-001	
9.66766237e+001	2.84154493e-001	
9.67819359e+001	2.19031360e-001	
9.68872482e+001	1.67293244e-001	
9.69925604e+001	1.31121719e-001	
9.70978726e+001	1.02339040e-001	
9.72031848e+001	8.75064619e-002	
9.73084971e+001	7.39200101e-002	
9.74138093e+001	6.39299367e-002	
9.75191215e+001	5.37530739e-002	
9.76244337e+001	4.49916038e-002	
9.77297460e+001	4.17799783e-002	
9.78350582e+001	4.53140097e-002	
9.79403704e+001	5.87904650e-002	
9.80456826e+001	7.46771673e-002	
9.81509949e+001	8.93404458e-002	
9.82563071e+001	1.04327232e-001	
9.83616193e+001	1.19829790e-001	
9.84669316e+001	1.46098267e-001	
9.85722438e+001	2.07467790e-001	
9.86775560e+001	2.76305227e-001	
9.87828682e+001	3.44342799e-001	
9.88881805e+001	4.46447487e-001	
9.89934927e+001	5.86400915e-001	
9.90988049e+001	6.97137272e-001	
9.92041171e+001	7.52717242e-001	
9.93094294e+001	7.95160866e-001	
9.94147416e+001	8.39002308e-001	
9.95200538e+001	9.18257127e-001	
9.96253660e+001	9.04924830e-001	
9.97306783e+001	8.54041935e-001	
9.98359905e+001	7.89426792e-001	
9.99413027e+001	6.98890332e-001	
1.00046615e+002	6.59305179e-001	
1.00151927e+002	6.29490719e-001	
1.00257239e+002	6.00717645e-001	
1.00362552e+002	5.79359516e-001	
1.00467864e+002	5.68672965e-001	
1.00573176e+002	5.60786628e-001	
1.00678488e+002	5.55819710e-001	
1.00783801e+002	5.54653612e-001	
1.00889113e+002	5.55883355e-001	
1.00994425e+002	5.58328684e-001	
1.01099737e+002	5.62482375e-001	
1.01205049e+002	5.68306971e-001	
1.01310362e+002	5.75751761e-001	
1.01415674e+002	5.99466534e-001	
1.01520986e+002	6.40527505e-001	
1.01626298e+002	6.84043981e-001	
1.01731611e+002	7.28210861e-001	
1.01836923e+002	7.69527282e-001	
1.01942235e+002	8.11280351e-001	
1.02047547e+002	9.28561716e-001	
1.02152859e+002	9.89516102e-001	
1.02258172e+002	1.04310023e+000	
1.02363484e+002	1.03258005e+000	
1.02468796e+002	9.95144497e-001	
1.02574108e+002	9.55632745e-001	
1.02679421e+002	8.90249560e-001	
1.02784733e+002	8.58179466e-001	
1.02890045e+002	8.29038047e-001	
1.02995357e+002	8.11283721e-001	
1.03100670e+002	8.02688445e-001	
1.03205982e+002	7.94117960e-001	
1.03311294e+002	7.64846779e-001	
1.03416606e+002	7.22633370e-001	
1.03521918e+002	6.80640159e-001	
1.03627231e+002	6.78869761e-001	
1.03732543e+002	6.52834216e-001	
1.03837855e+002	6.05457816e-001	
1.03943167e+002	5.08170044e-001	
1.04048480e+002	4.05505752e-001	
1.04153792e+002	3.24501793e-001	
1.04259104e+002	2.72463736e-001	
1.04364416e+002	1.99915058e-001	
1.04469728e+002	1.27884830e-001	
1.04575041e+002	1.19896376e-001	
1.04680353e+002	1.19836823e-001	
1.04785665e+002	9.55126595e-002	
1.04890977e+002	7.51529700e-002	
1.04996290e+002	6.27436562e-002	
1.05101602e+002	5.55552222e-002	
1.05206914e+002	4.64983151e-002	
1.05312226e+002	5.49215708e-002	
1.05417538e+002	7.13909311e-002	
1.05522851e+002	9.61798005e-002	
1.05628163e+002	1.24749076e-001	
1.05733475e+002	1.54301358e-001	
1.05838787e+002	1.77474095e-001	
1.05944100e+002	1.71967468e-001	
1.06049412e+002	2.06692062e-001	
1.06154724e+002	2.83945556e-001	
1.06260036e+002	3.57277373e-001	
1.06365349e+002	3.96484447e-001	
1.06470661e+002	4.89027646e-001	
1.06575973e+002	5.96460377e-001	
1.06681285e+002	6.73239754e-001	
1.06786597e+002	7.15985312e-001	
1.06891910e+002	7.20391675e-001	
1.06997222e+002	7.33682170e-001	
1.07102534e+002	7.73555872e-001	
1.07207846e+002	8.13789670e-001	
1.07313159e+002	8.32121525e-001	
1.07418471e+002	8.41928998e-001	
1.07523783e+002	8.51736952e-001	
1.07629095e+002	8.83492528e-001	
1.07734407e+002	9.21471459e-001	
1.07839720e+002	9.66013487e-001	
1.07945032e+002	1.02057771e+000	
1.08050344e+002	1.07597763e+000	
1.08155656e+002	1.08120860e+000	
1.08260969e+002	1.08970603e+000	
1.08366281e+002	1.09350820e+000	
1.08471593e+002	9.45965376e-001	
1.08576905e+002	8.81950367e-001	
1.08682218e+002	8.32852192e-001	
1.08787530e+002	7.56364899e-001	
1.08892842e+002	6.80102071e-001	
1.08998154e+002	6.48410856e-001	
1.09103466e+002	6.25333820e-001	
1.09208779e+002	6.03708607e-001	
1.09314091e+002	5.83696607e-001	
1.09419403e+002	5.67603585e-001	
1.09524715e+002	5.57415359e-001	
1.09630028e+002	5.49150642e-001	
1.09735340e+002	5.42115582e-001	
1.09840652e+002	5.37202295e-001	
1.09945964e+002	5.47817842e-001	
1.10051276e+002	5.63368578e-001	
1.10156589e+002	5.81290542e-001	
1.10261901e+002	6.01371769e-001	
1.10367213e+002	6.23403630e-001	
1.10472525e+002	6.47214770e-001	
1.10577838e+002	6.79479280e-001	
1.10683150e+002	7.11619691e-001	
1.10788462e+002	8.18190643e-001	
1.10893774e+002	8.18583830e-001	
1.10999086e+002	8.67118547e-001	
1.11104399e+002	8.28997521e-001	
1.11209711e+002	7.69247867e-001	
1.11315023e+002	7.11458791e-001	
1.11420335e+002	6.35649293e-001	
1.11525648e+002	5.08642781e-001	
1.11630960e+002	3.74441429e-001	
1.11736272e+002	2.91642331e-001	
1.11841584e+002	2.25551484e-001	
1.11946897e+002	1.59526751e-001	
1.12052209e+002	1.13064721e-001	
1.12157521e+002	9.55736590e-002	
1.12262833e+002	8.23618196e-002	
1.12368145e+002	6.98520748e-002	
1.12473458e+002	5.61734852e-002	
1.12578770e+002	4.10374435e-002	
1.12684082e+002	3.63755751e-002	
1.12789394e+002	4.49520509e-002	
1.12894707e+002	5.85005521e-002	
1.13000019e+002	7.39253292e-002	
1.13105331e+002	8.61174199e-002	
1.13210643e+002	9.89352658e-002	
1.13315955e+002	1.12543616e-001	
1.13421268e+002	1.26164011e-001	
1.13526580e+002	1.54915447e-001	
1.13631892e+002	1.99248729e-001	
1.13737204e+002	2.47325863e-001	
1.13842517e+002	2.95731842e-001	
1.13947829e+002	4.27375325e-001	
1.14053141e+002	5.63052506e-001	
1.14158453e+002	6.17390340e-001	
1.14263765e+002	6.60590085e-001	
1.14369078e+002	7.02920128e-001	
1.14474390e+002	7.45505701e-001	
1.14579702e+002	7.87237974e-001	
1.14685014e+002	7.79350569e-001	
1.14790327e+002	7.83818502e-001	
1.14895639e+002	7.92570915e-001	
1.15000951e+002	8.01213720e-001	
1.15106263e+002	8.11823857e-001	
1.15211576e+002	8.23365958e-001	
1.15316888e+002	8.34988861e-001	
1.15422200e+002	8.46431909e-001	
1.15527512e+002	8.53920671e-001	
1.15632824e+002	8.61409601e-001	
1.15738137e+002	8.66417525e-001	
1.15843449e+002	8.69434227e-001	
1.15948761e+002	8.72507187e-001	
1.16054073e+002	8.75624012e-001	
1.16159386e+002	8.78784232e-001	
1.16264698e+002	8.81987383e-001	
1.16370010e+002	8.93822036e-001	
1.16475322e+002	9.14162835e-001	
1.16580634e+002	9.39051566e-001	
1.16685947e+002	9.81798024e-001	
1.16791259e+002	1.02520349e+000	
1.16896571e+002	1.03995514e+000	
1.17001883e+002	1.03789919e+000	
1.17107196e+002	1.05236026e+000	
1.17212508e+002	9.27357899e-001	
1.17317820e+002	8.31761784e-001	
1.17423132e+002	7.93913466e-001	
1.17528445e+002	7.26504690e-001	
1.17633757e+002	6.59285924e-001	
1.17739069e+002	6.10622356e-001	
1.17844381e+002	5.80387447e-001	
1.17949693e+002	5.54290557e-001	
1.18055006e+002	5.30682134e-001	
1.18160318e+002	5.09907937e-001	
1.18265630e+002	4.92326877e-001	
1.18370942e+002	4.78291202e-001	
1.18476255e+002	4.67601870e-001	
1.18581567e+002	4.60809135e-001	
1.18686879e+002	4.65720105e-001	
1.18792191e+002	5.18340328e-001	
1.18897503e+002	5.31063974e-001	
1.19002816e+002	4.93827269e-001	
1.19108128e+002	4.15417101e-001	
1.19213440e+002	3.64457823e-001	
1.19318752e+002	3.37799677e-001	
1.19424065e+002	2.95605298e-001	
1.19529377e+002	2.68369533e-001	
1.19634689e+002	2.30551053e-001	
1.19740001e+002	2.06697900e-001	
1.19845313e+002	1.68041996e-001	
1.19950626e+002	1.22755092e-001	
1.20055938e+002	1.01114272e-001	
1.20161250e+002	8.62949070e-002	
1.20266562e+002	7.20320746e-002	
1.20371875e+002	5.82684049e-002	
1.20477187e+002	4.78132976e-002	
1.20582499e+002	5.51081061e-002	
1.20687811e+002	6.30375752e-002	
1.20793124e+002	6.98065409e-002	
1.20898436e+002	7.80833231e-002	
1.21003748e+002	9.20158824e-002	
1.21109060e+002	1.32794937e-001	
1.21214372e+002	1.86482431e-001	
1.21319685e+002	2.41398522e-001	
1.21424997e+002	4.16079282e-001	
1.21530309e+002	5.13017290e-001	
1.21635621e+002	5.59096264e-001	
1.21740934e+002	6.05558978e-001	
1.21846246e+002	6.43338984e-001	
1.21951558e+002	6.80033514e-001	
1.22056870e+002	6.77766159e-001	
1.22162182e+002	6.96270715e-001	
1.22267495e+002	7.20881336e-001	
1.22372807e+002	7.45721957e-001	
1.22478119e+002	7.70770340e-001	
1.22583431e+002	7.82842918e-001	
1.22688744e+002	7.91967663e-001	
1.22794056e+002	8.00722874e-001	
1.22899368e+002	8.02760870e-001	
1.23004680e+002	8.04798873e-001	
1.23109992e+002	8.06836882e-001	
1.23215305e+002	8.08874897e-001	
1.23320617e+002	8.10912919e-001	
1.23425929e+002	8.13025100e-001	
1.23531241e+002	8.16032616e-001	
1.23636554e+002	8.19042957e-001	
1.23741866e+002	8.22035135e-001	
1.23847178e+002	8.25024187e-001	
1.23952490e+002	8.28015868e-001	
1.24057803e+002	8.31010149e-001	
1.24163115e+002	8.34007003e-001	
1.24268427e+002	8.35028728e-001	
1.24373739e+002	8.35789713e-001	
1.24479051e+002	8.35727081e-001	
1.24584364e+002	8.34665402e-001	
1.24689676e+002	8.33637134e-001	
1.24794988e+002	8.32617572e-001	
1.24900300e+002	8.31606750e-001	
1.25005613e+002	8.30604700e-001	
1.25110925e+002	8.30873253e-001	
1.25216237e+002	8.33577869e-001	
1.25321549e+002	8.36313325e-001	
1.25426861e+002	8.33707566e-001	
1.25532174e+002	8.31100222e-001	
1.25637486e+002	8.28529307e-001	
1.25742798e+002	8.34746700e-001	
1.25848110e+002	7.90374318e-001	
1.25953423e+002	7.29360466e-001	
1.26058735e+002	6.41427535e-001	
1.26164047e+002	4.97079654e-001	
1.26269359e+002	4.47997169e-001	
1.26374672e+002	4.12413851e-001	
1.26479984e+002	3.39395930e-001	
1.26585296e+002	2.74085570e-001	
1.26690608e+002	2.45722700e-001	
1.26795920e+002	2.35245552e-001	
1.26901233e+002	1.87648970e-001	
1.27006545e+002	1.42871956e-001	
1.27111857e+002	1.33013852e-001	
1.27217169e+002	1.24920541e-001	
1.27322482e+002	1.15716723e-001	
1.27427794e+002	1.06549390e-001	
1.27533106e+002	9.74288397e-002	
1.27638418e+002	8.72392054e-002	
1.27743730e+002	7.49571652e-002	
1.27849043e+002	6.27168236e-002	
1.27954355e+002	6.14602024e-002	
1.28059667e+002	6.39114523e-002	
1.28164979e+002	6.87583037e-002	
1.28270292e+002	7.59095381e-002	
1.28375604e+002	8.26370335e-002	
1.28480916e+002	9.73556521e-002	
1.28586228e+002	1.25599391e-001	
1.28691540e+002	1.72054314e-001	
1.28796853e+002	2.21677038e-001	
1.28902165e+002	3.32261810e-001	
1.29007477e+002	4.44913247e-001	
1.29112789e+002	5.24055904e-001	
1.29218102e+002	5.76837706e-001	
1.29323414e+002	6.29503121e-001	
1.29428726e+002	6.84123277e-001	
1.29534038e+002	6.81615654e-001	
1.29639351e+002	6.99390647e-001	
1.29744663e+002	7.26537507e-001	
1.29849975e+002	7.53873790e-001	
1.29955287e+002	7.61851856e-001	
1.30060599e+002	7.69633486e-001	
1.30165912e+002	7.77443606e-001	
1.30271224e+002	7.83550876e-001	
1.30376536e+002	7.89670575e-001	
1.30481848e+002	7.95802417e-001	
1.30587161e+002	8.01946123e-001	
1.30692473e+002	8.08067925e-001	
1.30797785e+002	8.14026077e-001	
1.30903097e+002	8.19994347e-001	
1.31008409e+002	8.22948245e-001	
1.31113722e+002	8.24110785e-001	
1.31219034e+002	8.25273411e-001	
1.31324346e+002	8.26436123e-001	
1.31429658e+002	8.27598922e-001	
1.31534971e+002	8.28761806e-001	
1.31640283e+002	8.28145008e-001	
1.31745595e+002	8.27172387e-001	
1.31850907e+002	8.26199900e-001	
1.31956220e+002	8.25227548e-001	
1.32061532e+002	8.24255332e-001	
1.32166844e+002	8.23111052e-001	
1.32272156e+002	8.17716766e-001	
1.32377468e+002	8.12330622e-001	
1.32482781e+002	8.06855975e-001	
1.32588093e+002	8.01295739e-001	
1.32693405e+002	7.95744989e-001	
1.32798717e+002	7.90203926e-001	
1.32904030e+002	7.84672755e-001	
1.33009342e+002	7.78924201e-001	
1.33114654e+002	7.73118657e-001	
1.33219966e+002	7.67411179e-001	
1.33325278e+002	7.47890420e-001	
1.33430591e+002	7.21897427e-001	
1.33535903e+002	6.97629668e-001	
1.33641215e+002	6.98329345e-001	
1.33746527e+002	6.67684423e-001	
1.33851840e+002	6.18929201e-001	
1.33957152e+002	5.68285215e-001	
1.34062464e+002	5.06472716e-001	
1.34167776e+002	3.56731442e-001	
1.34273088e+002	2.49290505e-001	
1.34378401e+002	1.82312471e-001	
1.34483713e+002	1.26638111e-001	
1.34589025e+002	9.68193922e-002	
1.34694337e+002	7.88414967e-002	
1.34799650e+002	5.59005937e-002	
1.34904962e+002	4.35638541e-002	
1.35010274e+002	3.80130181e-002	
1.35115586e+002	3.38586051e-002	
1.35220899e+002	3.15939291e-002	
1.35326211e+002	4.19750884e-002	
1.35431523e+002	4.68158248e-002	
1.35536835e+002	5.18197698e-002	
1.35642147e+002	5.69439140e-002	
1.35747460e+002	6.58138698e-002	
1.35852772e+002	7.70960616e-002	
1.35958084e+002	8.85324034e-002	
1.36063396e+002	9.61342752e-002	
1.36168709e+002	1.35729372e-001	
1.36274021e+002	1.84075410e-001	
1.36379333e+002	2.21948265e-001	
1.36484645e+002	2.46022458e-001	
1.36589957e+002	3.14018869e-001	
1.36695270e+002	3.94461784e-001	
1.36800582e+002	4.67591146e-001	
1.36905894e+002	5.31004605e-001	
1.37011206e+002	6.14395129e-001	
1.37116519e+002	7.55856267e-001	
1.37221831e+002	8.23692203e-001	
1.37327143e+002	8.93979178e-001	
1.37432455e+002	9.00046665e-001	
1.37537767e+002	8.89668133e-001	
1.37643080e+002	8.79780652e-001	
1.37748392e+002	8.70451350e-001	
1.37853704e+002	8.64304879e-001	
1.37959016e+002	8.59423979e-001	
1.38064329e+002	8.56276936e-001	
1.38169641e+002	8.56740737e-001	
1.38274953e+002	8.57221288e-001	
1.38380265e+002	8.57718562e-001	
1.38485578e+002	8.58232530e-001	
1.38590890e+002	8.58771479e-001	
1.38696202e+002	8.58910922e-001	
1.38801514e+002	8.57483087e-001	
1.38906826e+002	8.56055401e-001	
1.39012139e+002	8.53869820e-001	
1.39117451e+002	8.51475099e-001	
1.39222763e+002	8.49081055e-001	
1.39328075e+002	8.46687695e-001	
1.39433388e+002	8.44295025e-001	
1.39538700e+002	8.41881039e-001	
1.39644012e+002	8.39464931e-001	
1.39749324e+002	8.37466133e-001	
1.39854636e+002	8.35756953e-001	
1.39959949e+002	8.34047876e-001	
1.40065261e+002	8.32338903e-001	
1.40170573e+002	8.30630034e-001	
1.40275885e+002	8.28921271e-001	
1.40381198e+002	8.24101378e-001	
1.40486510e+002	8.17322177e-001	
1.40591822e+002	8.10558123e-001	
1.40697134e+002	7.88691814e-001	
1.40802447e+002	7.64356266e-001	
1.40907759e+002	7.40221546e-001	
1.41013071e+002	7.16307953e-001	
1.41118383e+002	7.13850020e-001	
1.41223695e+002	6.91396582e-001	
1.41329008e+002	6.49635232e-001	
1.41434320e+002	6.05552334e-001	
1.41539632e+002	5.58582716e-001	
1.41644944e+002	5.05694271e-001	
1.41750257e+002	3.23538798e-001	
1.41855569e+002	2.30207777e-001	
1.41960881e+002	1.74054128e-001	
1.42066193e+002	1.22071608e-001	
1.42171505e+002	9.60257207e-002	
1.42276818e+002	8.44992212e-002	
1.42382130e+002	7.32461278e-002	
1.42487442e+002	6.66471385e-002	
1.42592754e+002	6.30108151e-002	
1.42698067e+002	5.62778764e-002	
1.42803379e+002	5.12228813e-002	
1.42908691e+002	5.60189518e-002	
1.43014003e+002	7.38444504e-002	
1.43119315e+002	9.40888972e-002	
1.43224628e+002	1.06094822e-001	
1.43329940e+002	1.50211848e-001	
1.43435252e+002	1.95132193e-001	
1.43540564e+002	2.08115589e-001	
1.43645877e+002	2.32220388e-001	
1.43751189e+002	2.75358561e-001	
1.43856501e+002	3.18604387e-001	
1.43961813e+002	3.41595407e-001	
1.44067126e+002	4.13948184e-001	
1.44172438e+002	4.85604363e-001	
1.44277750e+002	4.77974760e-001	
1.44383062e+002	4.80499258e-001	
1.44488374e+002	4.96805164e-001	
1.44593687e+002	4.93869288e-001	
1.44698999e+002	4.99584297e-001	
1.44804311e+002	5.08730038e-001	
1.44909623e+002	5.26211579e-001	
1.45014936e+002	5.47992951e-001	
1.45120248e+002	5.73451718e-001	
1.45225560e+002	6.02121601e-001	
1.45330872e+002	6.33566827e-001	
1.45436184e+002	6.67395217e-001	
1.45541497e+002	7.03262951e-001	
1.45646809e+002	7.61090244e-001	
1.45752121e+002	8.23125788e-001	
1.45857433e+002	9.39437507e-001	
1.45962746e+002	1.00419040e+000	
1.46068058e+002	1.09013144e+000	
1.46173370e+002	1.09632793e+000	
1.46278682e+002	1.06309460e+000	
1.46383995e+002	1.02899123e+000	
1.46489307e+002	9.73674090e-001	
1.46594619e+002	9.27527683e-001	
1.46699931e+002	9.06048347e-001	
1.46805243e+002	8.87561790e-001	
1.46910556e+002	8.84271482e-001	
1.47015868e+002	8.81068151e-001	
1.47121180e+002	8.77952748e-001	
1.47226492e+002	8.74926212e-001	
1.47331805e+002	8.71989469e-001	
1.47437117e+002	8.68614602e-001	
1.47542429e+002	8.61313510e-001	
1.47647741e+002	8.54012484e-001	
1.47753053e+002	8.44911749e-001	
1.47858366e+002	8.34697656e-001	
1.47963678e+002	8.24556061e-001	
1.48068990e+002	8.14489673e-001	
1.48174302e+002	8.06575426e-001	
1.48279615e+002	7.98656621e-001	
1.48384927e+002	7.91029610e-001	
1.48490239e+002	7.97734817e-001	
1.48595551e+002	7.70602727e-001	
1.48700863e+002	7.22394061e-001	
1.48806176e+002	6.74280253e-001	
1.48911488e+002	6.26283166e-001	
1.49016800e+002	5.81553052e-001	
1.49122112e+002	4.68527359e-001	
1.49227425e+002	3.25478896e-001	
1.49332737e+002	2.60790015e-001	
1.49438049e+002	1.95948885e-001	
1.49543361e+002	1.54343097e-001	
1.49648674e+002	1.19478756e-001	
1.49753986e+002	9.66982264e-002	
1.49859298e+002	8.23518221e-002	
1.49964610e+002	7.03296809e-002	
1.50069922e+002	6.05229090e-002	
1.50175235e+002	5.02133272e-002	
1.50280547e+002	4.25553750e-002	
1.50385859e+002	4.06965478e-002	
1.50491171e+002	4.57424451e-002	
1.50596484e+002	6.08334111e-002	
1.50701796e+002	7.57384219e-002	
1.50807108e+002	8.95410775e-002	
1.50912420e+002	1.03961619e-001	
1.51017732e+002	1.18788307e-001	
1.51123045e+002	1.54177523e-001	
1.51228357e+002	2.21842856e-001	
1.51333669e+002	2.89512744e-001	
1.51438981e+002	3.47187295e-001	
1.51544294e+002	4.73558336e-001	
1.51649606e+002	6.05297997e-001	
1.51754918e+002	6.97080929e-001	
1.51860230e+002	7.77254449e-001	
1.51965542e+002	8.45118200e-001	
1.52070855e+002	8.60948650e-001	
1.52176167e+002	9.19144605e-001	
1.52281479e+002	8.28139535e-001	
1.52386791e+002	7.98352242e-001	
1.52492104e+002	7.80128189e-001	
1.52597416e+002	7.40136929e-001	
1.52702728e+002	6.86150002e-001	
1.52808040e+002	6.32830650e-001	
1.52913353e+002	6.08635937e-001	
1.53018665e+002	5.88591166e-001	
1.53123977e+002	5.70488280e-001	
1.53229289e+002	5.54517497e-001	
1.53334601e+002	5.40867722e-001	
1.53439914e+002	5.33576794e-001	
1.53545226e+002	5.34527099e-001	
1.53650538e+002	5.45781961e-001	
1.53755850e+002	5.62417415e-001	
1.53861163e+002	5.82236203e-001	
1.53966475e+002	6.04925526e-001	
1.54071787e+002	6.30175400e-001	
1.54177099e+002	6.60561484e-001	
1.54282411e+002	7.25379022e-001	
1.54387724e+002	7.90562109e-001	
1.54493036e+002	8.25185273e-001	
1.54598348e+002	8.44883001e-001	
1.54703660e+002	9.08098157e-001	
1.54808973e+002	1.02601019e+000	
1.54914285e+002	9.93334548e-001	
1.55019597e+002	9.95352034e-001	
1.55124909e+002	9.79599033e-001	
1.55230222e+002	9.21964174e-001	
1.55335534e+002	8.72119927e-001	
1.55440846e+002	8.44229956e-001	
1.55546158e+002	8.16481698e-001	
1.55651470e+002	8.05573484e-001	
1.55756783e+002	7.96836018e-001	
1.55862095e+002	7.88132590e-001	
1.55967407e+002	7.47730232e-001	
1.56072719e+002	7.05756881e-001	
1.56178032e+002	6.76148064e-001	
1.56283344e+002	6.77640882e-001	
1.56388656e+002	6.33637231e-001	
1.56493968e+002	5.75090931e-001	
1.56599280e+002	4.71363114e-001	
1.56704593e+002	3.69638961e-001	
1.56809905e+002	3.09202986e-001	
1.56915217e+002	2.46331031e-001	
1.57020529e+002	1.73909479e-001	
1.57125842e+002	1.15139619e-001	
1.57231154e+002	1.19394328e-001	
1.57336466e+002	1.09755022e-001	
1.57441778e+002	8.67869861e-002	
1.57547090e+002	6.90323007e-002	
1.57652403e+002	6.12094564e-002	
1.57757715e+002	5.24560899e-002	
1.57863027e+002	4.45553604e-002	
