% Column 0: Length, mm
% Column 1: |B|, Tesla
0.00000000e+000	5.06675465e-002	
1.05312226e-001	6.89055803e-002	
2.10624453e-001	8.81242674e-002	
3.15936679e-001	1.11523640e-001	
4.21248905e-001	1.41760348e-001	
5.26561131e-001	1.75331995e-001	
6.31873358e-001	1.89505128e-001	
7.37185584e-001	1.84953135e-001	
8.42497810e-001	2.55731133e-001	
9.47810036e-001	3.43030111e-001	
1.05312226e+000	4.18852964e-001	
1.15843449e+000	4.73798610e-001	
1.26374672e+000	5.82974213e-001	
1.36905894e+000	6.93419278e-001	
1.47437117e+000	7.54745668e-001	
1.57968339e+000	8.00478765e-001	
1.68499562e+000	8.02712772e-001	
1.79030785e+000	8.38487919e-001	
1.89562007e+000	8.87763405e-001	
2.00093230e+000	9.35977545e-001	
2.10624453e+000	9.57874143e-001	
2.21155675e+000	9.79775162e-001	
2.31686898e+000	1.00497462e+000	
2.42218120e+000	1.05613064e+000	
2.52749343e+000	1.10754124e+000	
2.63280566e+000	1.17353991e+000	
2.73811788e+000	1.24500343e+000	
2.84343011e+000	1.26356847e+000	
2.94874234e+000	1.25901523e+000	
3.05405456e+000	1.28359619e+000	
3.15936679e+000	1.14939893e+000	
3.26467901e+000	1.07404259e+000	
3.36999124e+000	1.04679915e+000	
3.47530347e+000	1.00244825e+000	
3.58061569e+000	9.23149286e-001	
3.68592792e+000	8.44624060e-001	
3.79124015e+000	8.04786566e-001	
3.89655237e+000	7.70605781e-001	
4.00186460e+000	7.39215241e-001	
4.10717682e+000	7.10984616e-001	
4.21248905e+000	6.86303961e-001	
4.31780128e+000	6.68677627e-001	
4.42311350e+000	6.66782317e-001	
4.52842573e+000	6.79534179e-001	
4.63373796e+000	7.03240862e-001	
4.73905018e+000	7.30153606e-001	
4.84436241e+000	7.59931862e-001	
4.94967463e+000	7.92252581e-001	
5.05498686e+000	8.28920796e-001	
5.16029909e+000	8.91407454e-001	
5.26561131e+000	9.54386001e-001	
5.37092354e+000	1.00067025e+000	
5.47623577e+000	1.02125297e+000	
5.58154799e+000	1.05440894e+000	
5.68686022e+000	1.15424351e+000	
5.79217244e+000	1.09312426e+000	
5.89748467e+000	1.07095947e+000	
6.00279690e+000	9.81398510e-001	
6.10810912e+000	8.72904837e-001	
6.21342135e+000	7.51410289e-001	
6.31873358e+000	5.98858153e-001	
6.42404580e+000	4.51091207e-001	
6.52935803e+000	3.77812604e-001	
6.63467025e+000	2.96955643e-001	
6.73998248e+000	2.16129682e-001	
6.84529471e+000	1.70880322e-001	
6.95060693e+000	1.50762599e-001	
7.05591916e+000	1.30956296e-001	
7.16123139e+000	1.11608683e-001	
7.26654361e+000	9.05876866e-002	
7.37185584e+000	6.95089284e-002	
7.47716806e+000	5.75947665e-002	
7.58248029e+000	5.59016375e-002	
7.68779252e+000	6.49216265e-002	
7.79310474e+000	8.15962232e-002	
7.89841697e+000	1.00348152e-001	
8.00372920e+000	1.18507783e-001	
8.10904142e+000	1.36130960e-001	
8.21435365e+000	1.53889186e-001	
8.31966587e+000	1.99711851e-001	
8.42497810e+000	2.54090598e-001	
8.53029033e+000	3.09809225e-001	
8.63560255e+000	3.92803080e-001	
8.74091478e+000	5.45476567e-001	
8.84622701e+000	6.70065307e-001	
8.95153923e+000	7.39353555e-001	
9.05685146e+000	7.91888849e-001	
9.16216368e+000	8.44762469e-001	
9.26747591e+000	8.97914652e-001	
9.37278814e+000	9.31367568e-001	
9.47810036e+000	9.32918539e-001	
9.58341259e+000	9.48759340e-001	
9.68872482e+000	9.65001180e-001	
9.79403704e+000	9.81243446e-001	
9.89934927e+000	9.96098274e-001	
1.00046615e+001	1.01103602e+000	
1.01099737e+001	1.02605306e+000	
1.02152859e+001	1.03886491e+000	
1.03205982e+001	1.04822278e+000	
1.04259104e+001	1.05762715e+000	
1.05312226e+001	1.06217446e+000	
1.06365349e+001	1.06611519e+000	
1.07418471e+001	1.07008247e+000	
1.08471593e+001	1.07407600e+000	
1.09524715e+001	1.07809551e+000	
1.10577838e+001	1.08214069e+000	
1.11630960e+001	1.09935654e+000	
1.12684082e+001	1.11919456e+000	
1.13737204e+001	1.15518799e+000	
1.14790327e+001	1.20535361e+000	
1.15843449e+001	1.22151957e+000	
1.16896571e+001	1.20355098e+000	
1.17949693e+001	1.19463799e+000	
1.19002816e+001	1.08402025e+000	
1.20055938e+001	9.79779440e-001	
1.21109060e+001	9.19336120e-001	
1.22162182e+001	8.60173691e-001	
1.23215305e+001	8.03655934e-001	
1.24268427e+001	7.60540810e-001	
1.25321549e+001	7.08223576e-001	
1.26374672e+001	6.60427121e-001	
1.27427794e+001	6.18200915e-001	
1.28480916e+001	5.92996433e-001	
1.29534038e+001	5.83926277e-001	
1.30587161e+001	5.85274203e-001	
1.31640283e+001	5.91258132e-001	
1.32693405e+001	6.00827143e-001	
1.33746527e+001	6.14693220e-001	
1.34799650e+001	6.45685950e-001	
1.35852772e+001	6.95140212e-001	
1.36905894e+001	6.99408663e-001	
1.37959016e+001	6.42443297e-001	
1.39012139e+001	5.70301891e-001	
1.40065261e+001	5.45796470e-001	
1.41118383e+001	5.05869824e-001	
1.42171505e+001	4.60417661e-001	
1.43224628e+001	4.62842456e-001	
1.44277750e+001	3.90279161e-001	
1.45330872e+001	3.71869327e-001	
1.46383995e+001	2.86208907e-001	
1.47437117e+001	2.25439764e-001	
1.48490239e+001	1.92615009e-001	
1.49543361e+001	1.71535639e-001	
1.50596484e+001	1.47079092e-001	
1.51649606e+001	1.19899639e-001	
1.52702728e+001	1.02315225e-001	
1.53755850e+001	1.03882027e-001	
1.54808973e+001	1.03693999e-001	
1.55862095e+001	1.01094539e-001	
1.56915217e+001	1.01829385e-001	
1.57968339e+001	1.12878222e-001	
1.59021462e+001	1.57081446e-001	
1.60074584e+001	2.14542962e-001	
1.61127706e+001	3.15643003e-001	
1.62180828e+001	5.15190861e-001	
1.63233951e+001	5.78532941e-001	
1.64287073e+001	6.36489270e-001	
1.65340195e+001	6.90975666e-001	
1.66393317e+001	7.42165551e-001	
1.67446440e+001	7.74259618e-001	
1.68499562e+001	7.87432514e-001	
1.69552684e+001	8.22319465e-001	
1.70605807e+001	8.57553254e-001	
1.71658929e+001	8.93092831e-001	
1.72712051e+001	9.26684073e-001	
1.73765173e+001	9.47691124e-001	
1.74818296e+001	9.68721671e-001	
1.75871418e+001	9.83657734e-001	
1.76924540e+001	9.88938927e-001	
1.77977662e+001	9.94222206e-001	
1.79030785e+001	9.99507537e-001	
1.80083907e+001	1.00479489e+000	
1.81137029e+001	1.01008423e+000	
1.82190151e+001	1.01540580e+000	
1.83243274e+001	1.02077747e+000	
1.84296396e+001	1.02614472e+000	
1.85349518e+001	1.03142357e+000	
1.86402640e+001	1.03671027e+000	
1.87455763e+001	1.04200473e+000	
1.88508885e+001	1.04730681e+000	
1.89562007e+001	1.05067345e+000	
1.90615130e+001	1.04703076e+000	
1.91668252e+001	1.04340376e+000	
1.92721374e+001	1.03709025e+000	
1.93774496e+001	1.03007040e+000	
1.94827619e+001	1.02306919e+000	
1.95880741e+001	1.01607130e+000	
1.96933863e+001	1.00907681e+000	
1.97986985e+001	1.00208579e+000	
1.99040108e+001	9.94088457e-001	
2.00093230e+001	9.85612369e-001	
2.01146352e+001	9.74723697e-001	
2.02199474e+001	9.58473331e-001	
2.03252597e+001	9.42267590e-001	
2.04305719e+001	9.26062999e-001	
2.05358841e+001	9.26794751e-001	
2.06411963e+001	8.19302982e-001	
2.07465086e+001	7.53088878e-001	
2.08518208e+001	6.32961344e-001	
2.09571330e+001	5.25142842e-001	
2.10624453e+001	4.99932542e-001	
2.11677575e+001	4.62118456e-001	
2.12730697e+001	3.99667079e-001	
2.13783819e+001	3.49422767e-001	
2.14836942e+001	3.60147772e-001	
2.15890064e+001	3.26043402e-001	
2.16943186e+001	2.78150823e-001	
2.17996308e+001	2.37304919e-001	
2.19049431e+001	2.36927339e-001	
2.20102553e+001	2.28011165e-001	
2.21155675e+001	2.19104109e-001	
2.22208797e+001	2.10197242e-001	
2.23261920e+001	2.01290591e-001	
2.24315042e+001	1.90605862e-001	
2.25368164e+001	1.79165438e-001	
2.26421286e+001	1.69665908e-001	
2.27474409e+001	1.69728099e-001	
2.28527531e+001	1.70622889e-001	
2.29580653e+001	1.68591928e-001	
2.30633776e+001	1.65428913e-001	
2.31686898e+001	1.57162899e-001	
2.32740020e+001	1.51688646e-001	
2.33793142e+001	1.70803099e-001	
2.34846265e+001	2.07967339e-001	
2.35899387e+001	2.75334556e-001	
2.36952509e+001	3.92664088e-001	
2.38005631e+001	5.15894290e-001	
2.39058754e+001	5.87147522e-001	
2.40111876e+001	6.52545735e-001	
2.41164998e+001	7.17840313e-001	
2.42218120e+001	7.63500507e-001	
2.43271243e+001	7.75589358e-001	
2.44324365e+001	8.14137516e-001	
2.45377487e+001	8.54523558e-001	
2.46430609e+001	8.88553872e-001	
2.47483732e+001	9.09010465e-001	
2.48536854e+001	9.29674878e-001	
2.49589976e+001	9.47247379e-001	
2.50643099e+001	9.59447459e-001	
2.51696221e+001	9.71684097e-001	
2.52749343e+001	9.83955927e-001	
2.53802465e+001	9.96261650e-001	
2.54855588e+001	1.00843776e+000	
2.55908710e+001	1.02047752e+000	
2.56961832e+001	1.03254517e+000	
2.58014954e+001	1.03840607e+000	
2.59068077e+001	1.04401519e+000	
2.60121199e+001	1.04962431e+000	
2.61174321e+001	1.05523345e+000	
2.62227443e+001	1.06084260e+000	
2.63280566e+001	1.06463358e+000	
2.64333688e+001	1.05933367e+000	
2.65386810e+001	1.05403379e+000	
2.66439932e+001	1.04873397e+000	
2.67493055e+001	1.04343419e+000	
2.68546177e+001	1.03813446e+000	
2.69599299e+001	1.03059489e+000	
2.70652421e+001	1.01929482e+000	
2.71705544e+001	1.00802018e+000	
2.72758666e+001	9.96513510e-001	
2.73811788e+001	9.84986629e-001	
2.74864911e+001	9.73490386e-001	
2.75918033e+001	9.62025880e-001	
2.76971155e+001	9.50594258e-001	
2.78024277e+001	9.32359080e-001	
2.79077400e+001	9.13994978e-001	
2.80130522e+001	8.95499072e-001	
2.81183644e+001	8.56766580e-001	
2.82236766e+001	8.18195159e-001	
2.83289889e+001	7.89151695e-001	
2.84343011e+001	7.82483168e-001	
2.85396133e+001	7.21042566e-001	
2.86449255e+001	6.61747393e-001	
2.87502378e+001	5.97022489e-001	
2.88555500e+001	4.88814405e-001	
2.89608622e+001	3.26531290e-001	
2.90661744e+001	2.34371425e-001	
2.91714867e+001	1.65876967e-001	
2.92767989e+001	1.33965157e-001	
2.93821111e+001	1.29923341e-001	
2.94874234e+001	1.28260790e-001	
2.95927356e+001	1.20337766e-001	
2.96980478e+001	1.16516090e-001	
2.98033600e+001	1.16647652e-001	
2.99086723e+001	1.16480871e-001	
3.00139845e+001	1.19715164e-001	
3.01192967e+001	1.28139819e-001	
3.02246089e+001	1.33190832e-001	
3.03299212e+001	1.38243369e-001	
3.04352334e+001	1.43297270e-001	
3.05405456e+001	1.55720719e-001	
3.06458578e+001	1.68337639e-001	
3.07511701e+001	1.80952444e-001	
3.08564823e+001	1.94966753e-001	
3.09617945e+001	2.43241817e-001	
3.10671067e+001	2.94207019e-001	
3.11724190e+001	3.11312626e-001	
3.12777312e+001	3.44970071e-001	
3.13830434e+001	4.19354723e-001	
3.14883557e+001	5.01037804e-001	
3.15936679e+001	5.64837692e-001	
3.16989801e+001	6.41613331e-001	
3.18042923e+001	7.56217529e-001	
3.19096046e+001	8.81944024e-001	
3.20149168e+001	9.84672796e-001	
3.21202290e+001	1.04134674e+000	
3.22255412e+001	1.05328747e+000	
3.23308535e+001	1.05671599e+000	
3.24361657e+001	1.06057393e+000	
3.25414779e+001	1.06489477e+000	
3.26467901e+001	1.06796175e+000	
3.27521024e+001	1.07102971e+000	
3.28574146e+001	1.07581087e+000	
3.29627268e+001	1.08148794e+000	
3.30680390e+001	1.08716515e+000	
3.31733513e+001	1.09284250e+000	
3.32786635e+001	1.09851999e+000	
3.33839757e+001	1.10422203e+000	
3.34892880e+001	1.10789005e+000	
3.35946002e+001	1.10993279e+000	
3.36999124e+001	1.11131072e+000	
3.38052246e+001	1.10743294e+000	
3.39105369e+001	1.10355536e+000	
3.40158491e+001	1.09967797e+000	
3.41211613e+001	1.09580078e+000	
3.42264735e+001	1.09189925e+000	
3.43317858e+001	1.08790928e+000	
3.44370980e+001	1.08391963e+000	
3.45424102e+001	1.07894354e+000	
3.46477224e+001	1.07388654e+000	
3.47530347e+001	1.06883054e+000	
3.48583469e+001	1.06377555e+000	
3.49636591e+001	1.05872158e+000	
3.50689713e+001	1.05366866e+000	
3.51742836e+001	1.03804793e+000	
3.52795958e+001	1.02183076e+000	
3.53849080e+001	1.00236288e+000	
3.54902203e+001	9.68606173e-001	
3.55955325e+001	9.35042707e-001	
3.57008447e+001	9.01694062e-001	
3.58061569e+001	8.73837048e-001	
3.59114692e+001	8.65546695e-001	
3.60167814e+001	8.14508892e-001	
3.61220936e+001	7.61687693e-001	
3.62274058e+001	7.02693528e-001	
3.63327181e+001	6.44183108e-001	
3.64380303e+001	5.31341776e-001	
3.65433425e+001	3.35274259e-001	
3.66486547e+001	2.69996781e-001	
3.67539670e+001	2.05095266e-001	
3.68592792e+001	1.50694194e-001	
3.69645914e+001	1.27486669e-001	
3.70699036e+001	1.11819924e-001	
3.71752159e+001	9.69585304e-002	
3.72805281e+001	9.12505359e-002	
3.73858403e+001	8.64313546e-002	
3.74911525e+001	7.67689561e-002	
3.75964648e+001	7.31314339e-002	
3.77017770e+001	8.96363194e-002	
3.78070892e+001	1.17111208e-001	
3.79124015e+001	1.45860385e-001	
3.80177137e+001	1.67778479e-001	
3.81230259e+001	2.42448009e-001	
3.82283381e+001	2.84011152e-001	
3.83336504e+001	3.08220364e-001	
3.84389626e+001	3.43930085e-001	
3.85442748e+001	3.96499941e-001	
3.86495870e+001	4.37183302e-001	
3.87548993e+001	4.84079405e-001	
3.88602115e+001	5.67181527e-001	
3.89655237e+001	6.15042192e-001	
3.90708359e+001	6.24839951e-001	
3.91761482e+001	5.82766098e-001	
3.92814604e+001	5.60016659e-001	
3.93867726e+001	5.61676890e-001	
3.94920848e+001	5.67278810e-001	
3.95973971e+001	5.76346027e-001	
3.97027093e+001	5.94917859e-001	
3.98080215e+001	6.25369803e-001	
3.99133338e+001	6.62668756e-001	
4.00186460e+001	7.08120353e-001	
4.01239582e+001	7.60051018e-001	
4.02292704e+001	8.15945875e-001	
4.03345827e+001	8.75517779e-001	
4.04398949e+001	9.38164448e-001	
4.05452071e+001	1.00080532e+000	
4.06505193e+001	1.14746839e+000	
4.07558316e+001	1.23122645e+000	
4.08611438e+001	1.30654806e+000	
4.09664560e+001	1.30819922e+000	
4.10717682e+001	1.28952922e+000	
4.11770805e+001	1.27263272e+000	
4.12823927e+001	1.18711520e+000	
4.13877049e+001	1.14785481e+000	
4.14930171e+001	1.12096030e+000	
4.15983294e+001	1.10550731e+000	
4.17036416e+001	1.10149811e+000	
4.18089538e+001	1.09751667e+000	
4.19142661e+001	1.09356329e+000	
4.20195783e+001	1.08963828e+000	
4.21248905e+001	1.08573056e+000	
4.22302027e+001	1.07952872e+000	
4.23355150e+001	1.07061916e+000	
4.24408272e+001	1.06177405e+000	
4.25461394e+001	1.05390332e+000	
4.26514516e+001	1.04612304e+000	
4.27567639e+001	1.03837422e+000	
4.28620761e+001	1.02997463e+000	
4.29673883e+001	1.02010130e+000	
4.30727005e+001	1.01021297e+000	
4.31780128e+001	1.00474627e+000	
4.32833250e+001	1.01075270e+000	
4.33886372e+001	9.55082484e-001	
4.34939494e+001	8.98140298e-001	
4.35992617e+001	8.41222581e-001	
4.37045739e+001	7.83621923e-001	
4.38098861e+001	7.20532957e-001	
4.39151984e+001	5.49968908e-001	
4.40205106e+001	4.21877980e-001	
4.41258228e+001	3.45634448e-001	
4.42311350e+001	2.74321217e-001	
4.43364473e+001	2.30130081e-001	
4.44417595e+001	1.88508633e-001	
4.45470717e+001	1.61453363e-001	
4.46523839e+001	1.40317529e-001	
4.47576962e+001	1.25908610e-001	
4.48630084e+001	1.13240110e-001	
4.49683206e+001	9.49914485e-002	
4.50736328e+001	7.77336079e-002	
4.51789451e+001	6.34674447e-002	
4.52842573e+001	6.18854110e-002	
4.53895695e+001	7.60439403e-002	
4.54948817e+001	8.88299028e-002	
4.56001940e+001	1.00492981e-001	
4.57055062e+001	1.14570008e-001	
4.58108184e+001	1.34381844e-001	
4.59161306e+001	1.88594972e-001	
4.60214429e+001	2.66608271e-001	
4.61267551e+001	3.44986523e-001	
4.62320673e+001	4.43298253e-001	
4.63373796e+001	5.97219921e-001	
4.64426918e+001	7.44290233e-001	
4.65480040e+001	8.34137006e-001	
4.66533162e+001	8.88626791e-001	
4.67586285e+001	9.44448264e-001	
4.68639407e+001	1.09553577e+000	
4.69692529e+001	1.04812345e+000	
4.70745651e+001	1.02846912e+000	
4.71798774e+001	9.69167276e-001	
4.72851896e+001	8.71539531e-001	
4.73905018e+001	8.14783452e-001	
4.74958140e+001	7.88687871e-001	
4.76011263e+001	7.69498878e-001	
4.77064385e+001	7.51870313e-001	
4.78117507e+001	7.42842778e-001	
4.79170629e+001	7.36130359e-001	
4.80223752e+001	7.31796766e-001	
4.81276874e+001	7.29884372e-001	
4.82329996e+001	7.30412195e-001	
4.83383119e+001	7.32556150e-001	
4.84436241e+001	7.35142716e-001	
4.85489363e+001	7.41076186e-001	
4.86542485e+001	7.50839445e-001	
4.87595608e+001	7.74702175e-001	
4.88648730e+001	8.16154675e-001	
4.89701852e+001	8.61015138e-001	
4.90754974e+001	9.08779017e-001	
4.91808097e+001	9.65991081e-001	
4.92861219e+001	1.02348222e+000	
4.93914341e+001	1.14389852e+000	
4.94967463e+001	1.22320859e+000	
4.96020586e+001	1.31954358e+000	
4.97073708e+001	1.32045245e+000	
4.98126830e+001	1.28597544e+000	
4.99179952e+001	1.25362909e+000	
5.00233075e+001	1.15993013e+000	
5.01286197e+001	1.08418319e+000	
5.02339319e+001	1.03155015e+000	
5.03392442e+001	9.86379100e-001	
5.04445564e+001	9.66731615e-001	
5.05498686e+001	9.47091269e-001	
5.06551808e+001	9.19644734e-001	
5.07604931e+001	8.72212199e-001	
5.08658053e+001	8.25264215e-001	
5.09711175e+001	8.07630625e-001	
5.10764297e+001	8.00816593e-001	
5.11817420e+001	7.54989714e-001	
5.12870542e+001	6.76573215e-001	
5.13923664e+001	5.68582325e-001	
5.14976786e+001	4.61850184e-001	
5.16029909e+001	4.16868843e-001	
5.17083031e+001	3.29119254e-001	
5.18136153e+001	2.42066284e-001	
5.19189275e+001	2.02300744e-001	
5.20242398e+001	2.07815842e-001	
5.21295520e+001	1.79713244e-001	
5.22348642e+001	1.44880999e-001	
5.23401765e+001	1.12754277e-001	
5.24454887e+001	8.66193190e-002	
5.25508009e+001	6.51467256e-002	
5.26561131e+001	5.68113440e-002	
5.27614254e+001	7.55499192e-002	
5.28667376e+001	9.49655723e-002	
5.29720498e+001	1.21205356e-001	
5.30773620e+001	1.52820856e-001	
5.31826743e+001	1.87106621e-001	
5.32879865e+001	1.88032065e-001	
5.33932987e+001	1.97867008e-001	
5.34986109e+001	2.84583670e-001	
5.36039232e+001	3.72117337e-001	
5.37092354e+001	4.33266468e-001	
5.38145476e+001	5.09611726e-001	
5.39198598e+001	6.19145022e-001	
5.40251721e+001	7.22241127e-001	
5.41304843e+001	7.70839101e-001	
5.42357965e+001	7.98946764e-001	
5.43411088e+001	8.04584823e-001	
5.44464210e+001	8.53193735e-001	
5.45517332e+001	9.02253519e-001	
5.46570454e+001	9.40688083e-001	
5.47623577e+001	9.61814835e-001	
5.48676699e+001	9.82985763e-001	
5.49729821e+001	1.01891335e+000	
5.50782943e+001	1.07315257e+000	
5.51836066e+001	1.12771807e+000	
5.52889188e+001	1.18566941e+000	
5.53942310e+001	1.24453367e+000	
5.54995432e+001	1.27461367e+000	
5.56048555e+001	1.27095973e+000	
5.57101677e+001	1.27840605e+000	
5.58154799e+001	1.15429433e+000	
5.59207921e+001	1.03869558e+000	
5.60261044e+001	1.00634169e+000	
5.61314166e+001	9.40504720e-001	
5.62367288e+001	8.74494987e-001	
5.63420410e+001	8.23893315e-001	
5.64473533e+001	7.88737681e-001	
5.65526655e+001	7.56305236e-001	
5.66579777e+001	7.26960546e-001	
5.67632900e+001	7.01293369e-001	
5.68686022e+001	6.94455691e-001	
5.69739144e+001	6.90409579e-001	
5.70792266e+001	6.88390665e-001	
5.71845389e+001	6.88889650e-001	
5.72898511e+001	7.05558610e-001	
5.73951633e+001	7.37786612e-001	
5.75004755e+001	7.72751042e-001	
5.76057878e+001	8.10097656e-001	
5.77111000e+001	8.49512335e-001	
5.78164122e+001	8.90720582e-001	
5.79217244e+001	9.30597597e-001	
5.80270367e+001	9.69173683e-001	
5.81323489e+001	1.06087044e+000	
5.82376611e+001	1.10070041e+000	
5.83429733e+001	1.14625160e+000	
5.84482856e+001	1.13170330e+000	
5.85535978e+001	1.04977483e+000	
5.86589100e+001	9.72427727e-001	
5.87642223e+001	8.74448772e-001	
5.88695345e+001	7.24552361e-001	
5.89748467e+001	5.63900069e-001	
5.90801589e+001	4.32473982e-001	
5.91854712e+001	3.51011756e-001	
5.92907834e+001	2.70229462e-001	
5.93960956e+001	1.97625588e-001	
5.95014078e+001	1.64323214e-001	
5.96067201e+001	1.44439798e-001	
5.97120323e+001	1.24894242e-001	
5.98173445e+001	1.05299396e-001	
5.99226567e+001	8.41884473e-002	
6.00279690e+001	6.51541509e-002	
6.01332812e+001	5.63055438e-002	
6.02385934e+001	5.83151612e-002	
6.03439056e+001	7.02573458e-002	
6.04492179e+001	8.87324613e-002	
6.05545301e+001	1.07953316e-001	
6.06598423e+001	1.25984441e-001	
6.07651546e+001	1.43925352e-001	
6.08704668e+001	1.68502377e-001	
6.09757790e+001	2.19116111e-001	
6.10810912e+001	2.76084915e-001	
6.11864035e+001	3.33111056e-001	
6.12917157e+001	4.37900965e-001	
6.13970279e+001	5.93174461e-001	
6.15023401e+001	6.92896337e-001	
6.16076524e+001	7.56193794e-001	
6.17129646e+001	8.08657327e-001	
6.18182768e+001	8.61438263e-001	
6.19235890e+001	9.14481645e-001	
6.20289013e+001	9.30250633e-001	
6.21342135e+001	9.37508618e-001	
6.22395257e+001	9.53825214e-001	
6.23448379e+001	9.70176852e-001	
6.24501502e+001	9.86020649e-001	
6.25554624e+001	1.00091027e+000	
6.26607746e+001	1.01588103e+000	
6.27660869e+001	1.03092940e+000	
6.28713991e+001	1.04178443e+000	
6.29767113e+001	1.05109088e+000	
6.30820235e+001	1.05928718e+000	
6.31873358e+001	1.06324674e+000	
6.32926480e+001	1.06723593e+000	
6.33979602e+001	1.07123369e+000	
6.35032724e+001	1.07523993e+000	
6.36085847e+001	1.07925455e+000	
6.37138969e+001	1.08636840e+000	
6.38192091e+001	1.10862555e+000	
6.39245213e+001	1.13088407e+000	
6.40298336e+001	1.16589853e+000	
6.41351458e+001	1.20356661e+000	
6.42404580e+001	1.23000480e+000	
6.43457702e+001	1.21784549e+000	
6.44510825e+001	1.20528159e+000	
6.45563947e+001	1.11359461e+000	
6.46617069e+001	9.60522853e-001	
6.47670192e+001	9.26550565e-001	
6.48723314e+001	8.51625222e-001	
6.49776436e+001	7.77516057e-001	
6.50829558e+001	7.14916442e-001	
6.51882681e+001	6.84309214e-001	
6.52935803e+001	6.63563541e-001	
6.53988925e+001	6.47389218e-001	
6.55042047e+001	6.36135035e-001	
6.56095170e+001	6.30064697e-001	
6.57148292e+001	6.29328227e-001	
6.58201414e+001	6.27276593e-001	
6.59254536e+001	6.18624579e-001	
6.60307659e+001	6.12782017e-001	
6.61360781e+001	6.46642824e-001	
6.62413903e+001	6.91506736e-001	
6.63467025e+001	6.83749872e-001	
6.64520148e+001	6.04312510e-001	
6.65573270e+001	5.31959061e-001	
6.66626392e+001	5.28839556e-001	
6.67679514e+001	4.90507515e-001	
6.68732637e+001	4.52372234e-001	
6.69785759e+001	4.38964953e-001	
6.70838881e+001	4.01745719e-001	
6.71892004e+001	3.22538663e-001	
6.72945126e+001	2.77878591e-001	
6.73998248e+001	2.60156207e-001	
6.75051370e+001	2.07615071e-001	
6.76104493e+001	1.55213584e-001	
6.77157615e+001	1.35918014e-001	
6.78210737e+001	1.21057977e-001	
6.79263859e+001	1.12905470e-001	
6.80316982e+001	1.07026901e-001	
6.81370104e+001	1.02272072e-001	
6.82423226e+001	1.00846940e-001	
6.83476348e+001	1.02989955e-001	
6.84529471e+001	1.24509820e-001	
6.85582593e+001	1.78721094e-001	
6.86635715e+001	2.39974463e-001	
6.87688837e+001	3.78464809e-001	
6.88741960e+001	5.35191226e-001	
6.89795082e+001	5.91469921e-001	
6.90848204e+001	6.49675091e-001	
6.91901327e+001	7.02039275e-001	
6.92954449e+001	7.56593301e-001	
6.94007571e+001	7.74013287e-001	
6.95060693e+001	7.96377012e-001	
6.96113816e+001	8.31339588e-001	
6.97166938e+001	8.66610226e-001	
6.98220060e+001	9.02152795e-001	
6.99273182e+001	9.30670197e-001	
7.00326305e+001	9.51457176e-001	
7.01379427e+001	9.72268614e-001	
7.02432549e+001	9.82491441e-001	
7.03485671e+001	9.88612753e-001	
7.04538794e+001	9.94736656e-001	
7.05591916e+001	1.00086310e+000	
7.06645038e+001	1.00699204e+000	
7.07698160e+001	1.01312344e+000	
7.08751283e+001	1.01941822e+000	
7.09804405e+001	1.02577688e+000	
7.10857527e+001	1.03210010e+000	
7.11910650e+001	1.03837763e+000	
7.12963772e+001	1.04466352e+000	
7.14016894e+001	1.05095762e+000	
7.15070016e+001	1.05725978e+000	
7.16123139e+001	1.05812795e+000	
7.17176261e+001	1.05457009e+000	
7.18229383e+001	1.05063562e+000	
7.19282505e+001	1.04350349e+000	
7.20335628e+001	1.03646747e+000	
7.21388750e+001	1.02944336e+000	
7.22441872e+001	1.02243140e+000	
7.23494994e+001	1.01543183e+000	
7.24548117e+001	1.00840893e+000	
7.25601239e+001	9.97864446e-001	
7.26654361e+001	9.87321291e-001	
7.27707483e+001	9.79988567e-001	
7.28760606e+001	9.74556314e-001	
7.29813728e+001	9.50222728e-001	
7.30866850e+001	9.09695023e-001	
7.31919973e+001	8.77829276e-001	
7.32973095e+001	7.59732039e-001	
7.34026217e+001	6.72721523e-001	
7.35079339e+001	6.23398591e-001	
7.36132462e+001	5.54425788e-001	
7.37185584e+001	5.05613527e-001	
7.38238706e+001	4.71550981e-001	
7.39291828e+001	4.04348951e-001	
7.40344951e+001	3.57923077e-001	
7.41398073e+001	3.55707745e-001	
7.42451195e+001	3.08980866e-001	
7.43504317e+001	2.64102876e-001	
7.44557440e+001	2.38471538e-001	
7.45610562e+001	2.33118324e-001	
7.46663684e+001	2.26832537e-001	
7.47716806e+001	2.16676422e-001	
7.48769929e+001	2.06537991e-001	
7.49823051e+001	1.96419985e-001	
7.50876173e+001	1.86325730e-001	
7.51929296e+001	1.74132262e-001	
7.52982418e+001	1.71604330e-001	
7.54035540e+001	1.71122135e-001	
7.55088662e+001	1.69513413e-001	
7.56141785e+001	1.68689522e-001	
7.57194907e+001	1.68908632e-001	
7.58248029e+001	1.63848939e-001	
7.59301151e+001	1.43317206e-001	
7.60354274e+001	1.67155608e-001	
7.61407396e+001	2.04843031e-001	
7.62460518e+001	2.72460608e-001	
7.63513640e+001	4.22020157e-001	
7.64566763e+001	5.60489977e-001	
7.65619885e+001	6.25385012e-001	
7.66673007e+001	6.86507218e-001	
7.67726129e+001	7.47643874e-001	
7.68779252e+001	7.70414836e-001	
7.69832374e+001	7.90914902e-001	
7.70885496e+001	8.30857135e-001	
7.71938618e+001	8.71155417e-001	
7.72991741e+001	8.98462540e-001	
7.74044863e+001	9.19043396e-001	
7.75097985e+001	9.39830634e-001	
7.76151108e+001	9.54252504e-001	
7.77204230e+001	9.66043246e-001	
7.78257352e+001	9.77868866e-001	
7.79310474e+001	9.89728113e-001	
7.80363597e+001	1.00161979e+000	
7.81416719e+001	1.01326663e+000	
7.82469841e+001	1.02488391e+000	
7.83522963e+001	1.03457975e+000	
7.84576086e+001	1.03961626e+000	
7.85629208e+001	1.04465277e+000	
7.86682330e+001	1.04968928e+000	
7.87735452e+001	1.05472579e+000	
7.88788575e+001	1.05976231e+000	
7.89841697e+001	1.05938814e+000	
7.90894819e+001	1.05360341e+000	
7.91947941e+001	1.04781887e+000	
7.93001064e+001	1.04203451e+000	
7.94054186e+001	1.03625034e+000	
7.95107308e+001	1.03046636e+000	
7.96160431e+001	1.02070603e+000	
7.97213553e+001	1.00930629e+000	
7.98266675e+001	9.97880421e-001	
7.99319797e+001	9.86239319e-001	
8.00372920e+001	9.74626265e-001	
8.01426042e+001	9.63042275e-001	
8.02479164e+001	9.51488410e-001	
8.03532286e+001	9.38355622e-001	
8.04585409e+001	9.21412446e-001	
8.05638531e+001	9.04639117e-001	
8.06691653e+001	8.80577058e-001	
8.07744775e+001	8.42510273e-001	
8.08797898e+001	8.04769209e-001	
8.09851020e+001	7.85764340e-001	
8.10904142e+001	7.63221409e-001	
8.11957264e+001	7.00708034e-001	
8.13010387e+001	6.39532755e-001	
8.14063509e+001	5.76275119e-001	
8.15116631e+001	4.37016225e-001	
8.16169754e+001	2.83091432e-001	
8.17222876e+001	2.12241679e-001	
8.18275998e+001	1.63804492e-001	
8.19329120e+001	1.22742397e-001	
8.20382243e+001	1.28326962e-001	
8.21435365e+001	1.23000385e-001	
8.22488487e+001	1.14507284e-001	
8.23541609e+001	1.15724401e-001	
8.24594732e+001	1.18475141e-001	
8.25647854e+001	1.19444045e-001	
8.26700976e+001	1.21985855e-001	
8.27754098e+001	1.35103863e-001	
8.28807221e+001	1.45241037e-001	
8.29860343e+001	1.55380815e-001	
8.30913465e+001	1.65522718e-001	
8.31966587e+001	1.75666379e-001	
8.33019710e+001	1.82006155e-001	
8.34072832e+001	1.87493281e-001	
8.35125954e+001	2.12269496e-001	
8.36179077e+001	2.57828250e-001	
8.37232199e+001	3.05210979e-001	
8.38285321e+001	3.20401617e-001	
8.39338443e+001	3.83926197e-001	
8.40391566e+001	4.69185633e-001	
8.41444688e+001	5.27093502e-001	
8.42497810e+001	5.99232607e-001	
8.43550932e+001	6.77505241e-001	
8.44604055e+001	7.42503753e-001	
8.45657177e+001	8.51959735e-001	
8.46710299e+001	9.87408031e-001	
8.47763421e+001	1.01468984e+000	
8.48816544e+001	1.05475440e+000	
8.49869666e+001	1.07340269e+000	
8.50922788e+001	1.06699701e+000	
8.51975910e+001	1.06413982e+000	
8.53029033e+001	1.06736571e+000	
8.54082155e+001	1.07059777e+000	
8.55135277e+001	1.07619787e+000	
8.56188400e+001	1.08182388e+000	
8.57241522e+001	1.08745165e+000	
8.58294644e+001	1.09308114e+000	
8.59347766e+001	1.09871233e+000	
8.60400889e+001	1.10437636e+000	
8.61454011e+001	1.10708598e+000	
8.62507133e+001	1.10945514e+000	
8.63560255e+001	1.10905962e+000	
8.64613378e+001	1.10525165e+000	
8.65666500e+001	1.10144385e+000	
8.66719622e+001	1.09763623e+000	
8.67772744e+001	1.09382879e+000	
8.68825867e+001	1.08995841e+000	
8.69878989e+001	1.08603665e+000	
8.70932111e+001	1.08183242e+000	
8.71985233e+001	1.07681027e+000	
8.73038356e+001	1.07178918e+000	
8.74091478e+001	1.06676914e+000	
8.75144600e+001	1.06175019e+000	
8.76197722e+001	1.05673232e+000	
8.77250845e+001	1.04859449e+000	
8.78303967e+001	1.03240200e+000	
8.79357089e+001	1.01621939e+000	
8.80410212e+001	9.90905523e-001	
8.81463334e+001	9.57226738e-001	
8.82516456e+001	9.23748541e-001	
8.83569578e+001	8.90493554e-001	
8.84622701e+001	8.69607435e-001	
8.85675823e+001	8.52019510e-001	
8.86728945e+001	7.96271310e-001	
8.87782067e+001	7.42191989e-001	
8.88835190e+001	6.82938237e-001	
8.89888312e+001	6.24838394e-001	
8.90941434e+001	4.63999633e-001	
8.91994556e+001	3.13246119e-001	
8.93047679e+001	2.48141533e-001	
8.94100801e+001	1.83522716e-001	
8.95153923e+001	1.38257821e-001	
8.96207045e+001	1.22371939e-001	
8.97260168e+001	1.07113044e-001	
8.98313290e+001	9.26262032e-002	
8.99366412e+001	7.81473714e-002	
9.00419535e+001	6.64474499e-002	
9.01472657e+001	6.56677049e-002	
9.02525779e+001	7.33270565e-002	
9.03578901e+001	9.28328195e-002	
9.04632024e+001	1.12118558e-001	
9.05685146e+001	1.33149374e-001	
9.06738268e+001	1.97243258e-001	
9.07791390e+001	2.32810643e-001	
9.08844513e+001	2.83121901e-001	
9.09897635e+001	3.12250345e-001	
9.10950757e+001	3.64732208e-001	
9.12003879e+001	4.17269021e-001	
9.13057002e+001	4.40753104e-001	
9.14110124e+001	5.14606093e-001	
9.15163246e+001	5.97515415e-001	
9.16216368e+001	6.09435015e-001	
9.17269491e+001	5.89092774e-001	
9.18322613e+001	5.50259500e-001	
9.19375735e+001	5.50856194e-001	
9.20428858e+001	5.56938921e-001	
9.21481980e+001	5.66670780e-001	
9.22535102e+001	5.80028019e-001	
9.23588224e+001	6.03913828e-001	
9.24641347e+001	6.36816951e-001	
9.25694469e+001	6.76798184e-001	
9.26747591e+001	7.25740068e-001	
9.27800713e+001	7.79407047e-001	
9.28853836e+001	8.36693253e-001	
9.29906958e+001	8.97821594e-001	
9.30960080e+001	9.60290730e-001	
9.32013202e+001	1.04625509e+000	
9.33066325e+001	1.16630277e+000	
9.34119447e+001	1.27126725e+000	
9.35172569e+001	1.31042182e+000	
9.36225691e+001	1.30235058e+000	
9.37278814e+001	1.28418417e+000	
9.38331936e+001	1.24578931e+000	
9.39385058e+001	1.16615530e+000	
9.40438181e+001	1.13907526e+000	
9.41491303e+001	1.11218638e+000	
9.42544425e+001	1.10425914e+000	
9.43597547e+001	1.10020479e+000	
9.44650670e+001	1.09617862e+000	
9.45703792e+001	1.09218094e+000	
9.46756914e+001	1.08821205e+000	
9.47810036e+001	1.08424714e+000	
9.48863159e+001	1.07632013e+000	
9.49916281e+001	1.06737624e+000	
9.50969403e+001	1.05875926e+000	
9.52022525e+001	1.05088494e+000	
9.53075648e+001	1.04304192e+000	
9.54128770e+001	1.03523091e+000	
9.55181892e+001	1.02604062e+000	
9.56235014e+001	1.01610578e+000	
9.57288137e+001	1.00618306e+000	
9.58341259e+001	1.00532692e+000	
9.59394381e+001	9.92227092e-001	
9.60447504e+001	9.35241996e-001	
9.61500626e+001	8.78278634e-001	
9.62553748e+001	8.21341527e-001	
9.63606870e+001	7.60841491e-001	
9.64659993e+001	6.65820432e-001	
9.65713115e+001	4.90912560e-001	
9.66766237e+001	3.95519741e-001	
9.67819359e+001	3.19460515e-001	
9.68872482e+001	2.59102483e-001	
9.69925604e+001	2.14810907e-001	
9.70978726e+001	1.75581203e-001	
9.72031848e+001	1.54205562e-001	
9.73084971e+001	1.34589287e-001	
9.74138093e+001	1.21310326e-001	
9.75191215e+001	1.06856792e-001	
9.76244337e+001	8.83976149e-002	
9.77297460e+001	7.21567235e-002	
9.78350582e+001	5.99644662e-002	
9.79403704e+001	6.72406275e-002	
9.80456826e+001	8.26244054e-002	
9.81509949e+001	9.45742849e-002	
9.82563071e+001	1.07908385e-001	
9.83616193e+001	1.23328902e-001	
9.84669316e+001	1.50567754e-001	
9.85722438e+001	2.20274337e-001	
9.86775560e+001	2.99642479e-001	
9.87828682e+001	3.78128441e-001	
9.88881805e+001	4.93070638e-001	
9.89934927e+001	6.49334047e-001	
9.90988049e+001	7.80398311e-001	
9.92041171e+001	8.53350300e-001	
9.93094294e+001	9.09727725e-001	
9.94147416e+001	9.67358286e-001	
9.95200538e+001	1.06638469e+000	
9.96253660e+001	1.06212044e+000	
9.97306783e+001	1.01379658e+000	
9.98359905e+001	9.49757371e-001	
9.99413027e+001	8.54700042e-001	
1.00046615e+002	8.10907884e-001	
1.00151927e+002	7.79053245e-001	
1.00257239e+002	7.48930170e-001	
1.00362552e+002	7.26204664e-001	
1.00467864e+002	7.14156416e-001	
1.00573176e+002	7.06087319e-001	
1.00678488e+002	7.02134574e-001	
1.00783801e+002	7.03978865e-001	
1.00889113e+002	7.09602441e-001	
1.00994425e+002	7.17010646e-001	
1.01099737e+002	7.26772274e-001	
1.01205049e+002	7.38794045e-001	
1.01310362e+002	7.52967711e-001	
1.01415674e+002	7.84827014e-001	
1.01520986e+002	8.35489468e-001	
1.01626298e+002	8.89085294e-001	
1.01731611e+002	9.43158898e-001	
1.01836923e+002	9.92832861e-001	
1.01942235e+002	1.04286091e+000	
1.02047547e+002	1.17721297e+000	
1.02152859e+002	1.25731074e+000	
1.02258172e+002	1.31867533e+000	
1.02363484e+002	1.30729612e+000	
1.02468796e+002	1.27462981e+000	
1.02574108e+002	1.23380989e+000	
1.02679421e+002	1.12548472e+000	
1.02784733e+002	1.06850438e+000	
1.02890045e+002	1.01616209e+000	
1.02995357e+002	9.81971352e-001	
1.03100670e+002	9.62261641e-001	
1.03205982e+002	9.42559603e-001	
1.03311294e+002	9.05632283e-001	
1.03416606e+002	8.58118378e-001	
1.03521918e+002	8.11001143e-001	
1.03627231e+002	8.09338413e-001	
1.03732543e+002	7.85446096e-001	
1.03837855e+002	7.41410721e-001	
1.03943167e+002	6.40624508e-001	
1.04048480e+002	5.32955728e-001	
1.04153792e+002	4.47091810e-001	
1.04259104e+002	3.87505329e-001	
1.04364416e+002	2.99854436e-001	
1.04469728e+002	2.13196977e-001	
1.04575041e+002	2.03769092e-001	
1.04680353e+002	2.03059743e-001	
1.04785665e+002	1.67332892e-001	
1.04890977e+002	1.33374832e-001	
1.04996290e+002	1.02950994e-001	
1.05101602e+002	7.93281417e-002	
1.05206914e+002	5.76499093e-002	
1.05312226e+002	6.22253241e-002	
1.05417538e+002	8.11495317e-002	
1.05522851e+002	1.01676129e-001	
1.05628163e+002	1.29935518e-001	
1.05733475e+002	1.62419780e-001	
1.05838787e+002	1.89104228e-001	
1.05944100e+002	1.83136193e-001	
1.06049412e+002	2.24149761e-001	
1.06154724e+002	3.14088218e-001	
1.06260036e+002	3.98834568e-001	
1.06365349e+002	4.42602148e-001	
1.06470661e+002	5.42571237e-001	
1.06575973e+002	6.58347111e-001	
1.06681285e+002	7.41815852e-001	
1.06786597e+002	7.89584794e-001	
1.06891910e+002	7.99477035e-001	
1.06997222e+002	8.20176556e-001	
1.07102534e+002	8.69131125e-001	
1.07207846e+002	9.18598489e-001	
1.07313159e+002	9.47580258e-001	
1.07418471e+002	9.68587596e-001	
1.07523783e+002	9.89634814e-001	
1.07629095e+002	1.03670810e+000	
1.07734407e+002	1.09119214e+000	
1.07839720e+002	1.14714110e+000	
1.07945032e+002	1.20585176e+000	
1.08050344e+002	1.26536246e+000	
1.08155656e+002	1.27423597e+000	
1.08260969e+002	1.27350289e+000	
1.08366281e+002	1.26229655e+000	
1.08471593e+002	1.10216484e+000	
1.08576905e+002	1.03034620e+000	
1.08682218e+002	9.75869900e-001	
1.08787530e+002	8.93667830e-001	
1.08892842e+002	8.12985603e-001	
1.08998154e+002	7.82857370e-001	
1.09103466e+002	7.63212401e-001	
1.09208779e+002	7.46173062e-001	
1.09314091e+002	7.31921356e-001	
1.09419403e+002	7.21994878e-001	
1.09524715e+002	7.17486568e-001	
1.09630028e+002	7.15711269e-001	
1.09735340e+002	7.15792623e-001	
1.09840652e+002	7.18693464e-001	
1.09945964e+002	7.41409290e-001	
1.10051276e+002	7.69742487e-001	
1.10156589e+002	8.00363063e-001	
1.10261901e+002	8.33018815e-001	
1.10367213e+002	8.67479934e-001	
1.10472525e+002	9.03548664e-001	
1.10577838e+002	9.42658503e-001	
1.10683150e+002	9.81699024e-001	
1.10788462e+002	1.10972535e+000	
1.10893774e+002	1.10618068e+000	
1.10999086e+002	1.15878884e+000	
1.11104399e+002	1.10403888e+000	
1.11209711e+002	1.02463848e+000	
1.11315023e+002	9.47437692e-001	
1.11420335e+002	8.28472785e-001	
1.11525648e+002	6.70945451e-001	
1.11630960e+002	5.10714727e-001	
1.11736272e+002	4.04725781e-001	
1.11841584e+002	3.23815490e-001	
1.11946897e+002	2.42931323e-001	
1.12052209e+002	1.82777374e-001	
1.12157521e+002	1.57157472e-001	
1.12262833e+002	1.37292898e-001	
1.12368145e+002	1.17834695e-001	
1.12473458e+002	9.75351634e-002	
1.12578770e+002	7.63941273e-002	
1.12684082e+002	6.04704259e-002	
1.12789394e+002	5.51350152e-002	
1.12894707e+002	6.08195976e-002	
1.13000019e+002	7.52164276e-002	
1.13105331e+002	9.38384757e-002	
1.13210643e+002	1.12308169e-001	
1.13315955e+002	1.29794175e-001	
1.13421268e+002	1.47428644e-001	
1.13526580e+002	1.82299538e-001	
1.13631892e+002	2.35131445e-001	
1.13737204e+002	2.90753782e-001	
1.13842517e+002	3.46515953e-001	
1.13947829e+002	4.93368142e-001	
1.14053141e+002	6.45841105e-001	
1.14158453e+002	7.20101125e-001	
1.14263765e+002	7.74771746e-001	
1.14369078e+002	8.27997895e-001	
1.14474390e+002	8.81522823e-001	
1.14579702e+002	9.34171742e-001	
1.14685014e+002	9.34222652e-001	
1.14790327e+002	9.46795183e-001	
1.14895639e+002	9.64019258e-001	
1.15000951e+002	9.81264245e-001	
1.15106263e+002	9.97214006e-001	
1.15211576e+002	1.01262796e+000	
1.15316888e+002	1.02812414e+000	
1.15422200e+002	1.04330852e+000	
1.15527512e+002	1.05250691e+000	
1.15632824e+002	1.06176175e+000	
1.15738137e+002	1.06796837e+000	
1.15843449e+002	1.07164839e+000	
1.15948761e+002	1.07534683e+000	
1.16054073e+002	1.07905225e+000	
1.16159386e+002	1.08276457e+000	
1.16264698e+002	1.08648372e+000	
1.16370010e+002	1.09906642e+000	
1.16475322e+002	1.12040725e+000	
1.16580634e+002	1.14466796e+000	
1.16685947e+002	1.18060456e+000	
1.16791259e+002	1.21728201e+000	
1.16896571e+002	1.22684188e+000	
1.17001883e+002	1.21201936e+000	
1.17107196e+002	1.20244757e+000	
1.17212508e+002	1.06214935e+000	
1.17317820e+002	9.52823601e-001	
1.17423132e+002	9.05033640e-001	
1.17528445e+002	8.30954730e-001	
1.17633757e+002	7.58790765e-001	
1.17739069e+002	7.09204101e-001	
1.17844381e+002	6.81600463e-001	
1.17949693e+002	6.59494229e-001	
1.18055006e+002	6.40837734e-001	
1.18160318e+002	6.25939516e-001	
1.18265630e+002	6.15072735e-001	
1.18370942e+002	6.08453429e-001	
1.18476255e+002	6.05626678e-001	
1.18581567e+002	6.07003931e-001	
1.18686879e+002	6.20917084e-001	
1.18792191e+002	6.84423628e-001	
1.18897503e+002	7.01391466e-001	
1.19002816e+002	6.65790549e-001	
1.19108128e+002	5.88137243e-001	
1.19213440e+002	5.38690978e-001	
1.19318752e+002	5.15060482e-001	
1.19424065e+002	4.71634443e-001	
1.19529377e+002	4.53022088e-001	
1.19634689e+002	4.01442094e-001	
1.19740001e+002	3.78677825e-001	
1.19845313e+002	3.19525905e-001	
1.19950626e+002	2.42672671e-001	
1.20055938e+002	2.02277539e-001	
1.20161250e+002	1.80252894e-001	
1.20266562e+002	1.58019874e-001	
1.20371875e+002	1.30483105e-001	
1.20477187e+002	1.03660543e-001	
1.20582499e+002	1.03633715e-001	
1.20687811e+002	1.04861695e-001	
1.20793124e+002	1.01294096e-001	
1.20898436e+002	1.00850877e-001	
1.21003748e+002	1.05686343e-001	
1.21109060e+002	1.38263002e-001	
1.21214372e+002	1.93174957e-001	
1.21319685e+002	2.53305697e-001	
1.21424997e+002	4.46611216e-001	
1.21530309e+002	5.58060817e-001	
1.21635621e+002	6.15831608e-001	
1.21740934e+002	6.74540069e-001	
1.21846246e+002	7.24074489e-001	
1.21951558e+002	7.73045238e-001	
1.22056870e+002	7.82156626e-001	
1.22162182e+002	8.12216342e-001	
1.22267495e+002	8.47933105e-001	
1.22372807e+002	8.83981918e-001	
1.22478119e+002	9.20323763e-001	
1.22583431e+002	9.45387326e-001	
1.22688744e+002	9.67883363e-001	
1.22794056e+002	9.89446825e-001	
1.22899368e+002	9.94368500e-001	
1.23004680e+002	9.99292390e-001	
1.23109992e+002	1.00421846e+000	
1.23215305e+002	1.00914668e+000	
1.23320617e+002	1.01407702e+000	
1.23425929e+002	1.01900739e+000	
1.23531241e+002	1.02391865e+000	
1.23636554e+002	1.02883877e+000	
1.23741866e+002	1.03367190e+000	
1.23847178e+002	1.03848700e+000	
1.23952490e+002	1.04331043e+000	
1.24057803e+002	1.04814206e+000	
1.24163115e+002	1.05298179e+000	
1.24268427e+002	1.04977944e+000	
1.24373739e+002	1.04552746e+000	
1.24479051e+002	1.03974952e+000	
1.24584364e+002	1.03208818e+000	
1.24689676e+002	1.02446381e+000	
1.24794988e+002	1.01684308e+000	
1.24900300e+002	1.00922609e+000	
1.25005613e+002	1.00161291e+000	
1.25110925e+002	9.93741150e-001	
1.25216237e+002	9.85370973e-001	
1.25321549e+002	9.77003953e-001	
1.25426861e+002	9.60977569e-001	
1.25532174e+002	9.44830686e-001	
1.25637486e+002	9.28684811e-001	
1.25742798e+002	9.19539729e-001	
1.25848110e+002	8.49270944e-001	
1.25953423e+002	7.67266553e-001	
1.26058735e+002	6.78676611e-001	
1.26164047e+002	5.40786824e-001	
1.26269359e+002	5.05333068e-001	
1.26374672e+002	4.84185144e-001	
1.26479984e+002	4.18855383e-001	
1.26585296e+002	3.64168568e-001	
1.26690608e+002	3.48136426e-001	
1.26795920e+002	3.42472267e-001	
1.26901233e+002	2.94083805e-001	
1.27006545e+002	2.48230146e-001	
1.27111857e+002	2.39147140e-001	
1.27217169e+002	2.31502355e-001	
1.27322482e+002	2.22592655e-001	
1.27427794e+002	2.13682960e-001	
1.27533106e+002	2.04773270e-001	
1.27638418e+002	1.94782269e-001	
1.27743730e+002	1.82830909e-001	
1.27849043e+002	1.71021274e-001	
1.27954355e+002	1.69059830e-001	
1.28059667e+002	1.69714669e-001	
1.28164979e+002	1.69217630e-001	
1.28270292e+002	1.66125985e-001	
1.28375604e+002	1.59132384e-001	
1.28480916e+002	1.53224804e-001	
1.28586228e+002	1.60839090e-001	
1.28691540e+002	1.95357165e-001	
1.28796853e+002	2.40330377e-001	
1.28902165e+002	3.54053098e-001	
1.29007477e+002	4.76088896e-001	
1.29112789e+002	5.67231785e-001	
1.29218102e+002	6.33328044e-001	
1.29323414e+002	6.97592143e-001	
1.29428726e+002	7.64477963e-001	
1.29534038e+002	7.72608144e-001	
1.29639351e+002	8.03286128e-001	
1.29744663e+002	8.43614809e-001	
1.29849975e+002	8.84160332e-001	
1.29955287e+002	9.05007717e-001	
1.30060599e+002	9.25760247e-001	
1.30165912e+002	9.46322878e-001	
1.30271224e+002	9.58143763e-001	
1.30376536e+002	9.70000630e-001	
1.30481848e+002	9.81892175e-001	
1.30587161e+002	9.93817152e-001	
1.30692473e+002	1.00572059e+000	
1.30797785e+002	1.01737356e+000	
1.30903097e+002	1.02905406e+000	
1.31008409e+002	1.03658731e+000	
1.31113722e+002	1.04165054e+000	
1.31219034e+002	1.04671378e+000	
1.31324346e+002	1.05177702e+000	
1.31429658e+002	1.05684027e+000	
1.31534971e+002	1.06190351e+000	
1.31640283e+002	1.05795945e+000	
1.31745595e+002	1.05221409e+000	
1.31850907e+002	1.04646891e+000	
1.31956220e+002	1.04072392e+000	
1.32061532e+002	1.03497912e+000	
1.32166844e+002	1.02901498e+000	
1.32272156e+002	1.01763953e+000	
1.32377468e+002	1.00628767e+000	
1.32482781e+002	9.94812974e-001	
1.32588093e+002	9.83221141e-001	
1.32693405e+002	9.71657709e-001	
1.32798717e+002	9.60123705e-001	
1.32904030e+002	9.48620202e-001	
1.33009342e+002	9.33720396e-001	
1.33114654e+002	9.16895964e-001	
1.33219966e+002	9.00244233e-001	
1.33325278e+002	8.69101753e-001	
1.33430591e+002	8.31137862e-001	
1.33535903e+002	7.94956696e-001	
1.33641215e+002	7.85242010e-001	
1.33746527e+002	7.43767797e-001	
1.33851840e+002	6.83646482e-001	
1.33957152e+002	6.20704159e-001	
1.34062464e+002	5.46465460e-001	
1.34167776e+002	3.82190323e-001	
1.34273088e+002	2.62736722e-001	
1.34378401e+002	1.89136794e-001	
1.34483713e+002	1.37549913e-001	
1.34589025e+002	1.28919405e-001	
1.34694337e+002	1.29403742e-001	
1.34799650e+002	1.22579742e-001	
1.34904962e+002	1.15225042e-001	
1.35010274e+002	1.15590754e-001	
1.35115586e+002	1.16045310e-001	
1.35220899e+002	1.15124317e-001	
1.35326211e+002	1.26272513e-001	
1.35431523e+002	1.31551940e-001	
1.35536835e+002	1.36832104e-001	
1.35642147e+002	1.42112922e-001	
1.35747460e+002	1.51909356e-001	
1.35852772e+002	1.64466557e-001	
1.35958084e+002	1.77066373e-001	
1.36063396e+002	1.85273211e-001	
1.36168709e+002	2.26349406e-001	
1.36274021e+002	2.76168090e-001	
1.36379333e+002	3.14552725e-001	
1.36484645e+002	3.29997260e-001	
1.36589957e+002	3.92738779e-001	
1.36695270e+002	4.72296662e-001	
1.36800582e+002	5.44701195e-001	
1.36905894e+002	6.07157501e-001	
1.37011206e+002	6.98010269e-001	
1.37116519e+002	8.49545398e-001	
1.37221831e+002	9.44303366e-001	
1.37327143e+002	1.03361388e+000	
1.37432455e+002	1.05375169e+000	
1.37537767e+002	1.05791131e+000	
1.37643080e+002	1.06250449e+000	
1.37748392e+002	1.06757011e+000	
1.37853704e+002	1.07153079e+000	
1.37959016e+002	1.07485640e+000	
1.38064329e+002	1.07902663e+000	
1.38169641e+002	1.08496391e+000	
1.38274953e+002	1.09090120e+000	
1.38380265e+002	1.09683848e+000	
1.38485578e+002	1.10277576e+000	
1.38590890e+002	1.10872148e+000	
1.38696202e+002	1.11387540e+000	
1.38801514e+002	1.11615320e+000	
1.38906826e+002	1.11846282e+000	
1.39012139e+002	1.11571525e+000	
1.39117451e+002	1.11156315e+000	
1.39222763e+002	1.10741123e+000	
1.39328075e+002	1.10325950e+000	
1.39433388e+002	1.09910797e+000	
1.39538700e+002	1.09484756e+000	
1.39644012e+002	1.09057304e+000	
1.39749324e+002	1.08549581e+000	
1.39854636e+002	1.07986180e+000	
1.39959949e+002	1.07422912e+000	
1.40065261e+002	1.06859781e+000	
1.40170573e+002	1.06296788e+000	
1.40275885e+002	1.05733935e+000	
1.40381198e+002	1.04476594e+000	
1.40486510e+002	1.02780387e+000	
1.40591822e+002	1.01085003e+000	
1.40697134e+002	9.79123903e-001	
1.40802447e+002	9.44992644e-001	
1.40907759e+002	9.11071530e-001	
1.41013071e+002	8.77384938e-001	
1.41118383e+002	8.64798795e-001	
1.41223695e+002	8.30948999e-001	
1.41329008e+002	7.76551223e-001	
1.41434320e+002	7.20254714e-001	
1.41539632e+002	6.61402043e-001	
1.41644944e+002	5.96372147e-001	
1.41750257e+002	3.95098072e-001	
1.41855569e+002	2.90006396e-001	
1.41960881e+002	2.25221115e-001	
1.42066193e+002	1.64648420e-001	
1.42171505e+002	1.31936583e-001	
1.42276818e+002	1.16423909e-001	
1.42382130e+002	1.01535670e-001	
1.42487442e+002	9.29347969e-002	
1.42592754e+002	8.83914952e-002	
1.42698067e+002	7.99233739e-002	
1.42803379e+002	7.41537237e-002	
1.42908691e+002	8.22026899e-002	
1.43014003e+002	1.08663567e-001	
1.43119315e+002	1.38653637e-001	
1.43224628e+002	1.56868270e-001	
1.43329940e+002	2.19520056e-001	
1.43435252e+002	2.83180274e-001	
1.43540564e+002	2.97368755e-001	
1.43645877e+002	3.25542425e-001	
1.43751189e+002	3.75684812e-001	
1.43856501e+002	4.25905299e-001	
1.43961813e+002	4.48661680e-001	
1.44067126e+002	5.23526592e-001	
1.44172438e+002	5.97034370e-001	
1.44277750e+002	5.88511326e-001	
1.44383062e+002	5.90051466e-001	
1.44488374e+002	6.04958161e-001	
1.44593687e+002	6.01323999e-001	
1.44698999e+002	6.08920028e-001	
1.44804311e+002	6.21356413e-001	
1.44909623e+002	6.37760173e-001	
1.45014936e+002	6.59528533e-001	
1.45120248e+002	6.86165875e-001	
1.45225560e+002	7.17129838e-001	
1.45330872e+002	7.51886078e-001	
1.45436184e+002	7.89934185e-001	
1.45541497e+002	8.30822023e-001	
1.45646809e+002	9.01061818e-001	
1.45752121e+002	9.77008758e-001	
1.45857433e+002	1.10835161e+000	
1.45962746e+002	1.19504016e+000	
1.46068058e+002	1.29734005e+000	
1.46173370e+002	1.30779487e+000	
1.46278682e+002	1.28959462e+000	
1.46383995e+002	1.27125140e+000	
1.46489307e+002	1.21185388e+000	
1.46594619e+002	1.15611786e+000	
1.46699931e+002	1.13139358e+000	
1.46805243e+002	1.11032038e+000	
1.46910556e+002	1.10688370e+000	
1.47015868e+002	1.10347004e+000	
1.47121180e+002	1.10007960e+000	
1.47226492e+002	1.09671261e+000	
1.47331805e+002	1.09336928e+000	
1.47437117e+002	1.08937843e+000	
1.47542429e+002	1.08067359e+000	
1.47647741e+002	1.07206137e+000	
1.47753053e+002	1.06329260e+000	
1.47858366e+002	1.05440297e+000	
1.47963678e+002	1.04554346e+000	
1.48068990e+002	1.03671483e+000	
1.48174302e+002	1.02461555e+000	
1.48279615e+002	1.01248429e+000	
1.48384927e+002	1.00081972e+000	
1.48490239e+002	1.00447949e+000	
1.48595551e+002	9.69863798e-001	
1.48700863e+002	9.12451998e-001	
1.48806176e+002	8.55060181e-001	
1.48911488e+002	7.97692660e-001	
1.49016800e+002	7.36387930e-001	
1.49122112e+002	6.05265071e-001	
1.49227425e+002	4.45300801e-001	
1.49332737e+002	3.69446261e-001	
1.49438049e+002	2.93839085e-001	
1.49543361e+002	2.44327470e-001	
1.49648674e+002	2.00968829e-001	
1.49753986e+002	1.68463627e-001	
1.49859298e+002	1.47590905e-001	
1.49964610e+002	1.30496677e-001	
1.50069922e+002	1.17386044e-001	
1.50175235e+002	1.00961025e-001	
1.50280547e+002	8.30315996e-002	
1.50385859e+002	6.76083612e-002	
1.50491171e+002	5.77296343e-002	
1.50596484e+002	7.07605060e-002	
1.50701796e+002	8.52025046e-002	
1.50807108e+002	9.61741459e-002	
1.50912420e+002	1.09770432e-001	
1.51017732e+002	1.25170880e-001	
1.51123045e+002	1.63136567e-001	
1.51228357e+002	2.41175742e-001	
1.51333669e+002	3.19689549e-001	
1.51438981e+002	3.86637512e-001	
1.51544294e+002	5.28214925e-001	
1.51649606e+002	6.76244250e-001	
1.51754918e+002	7.90897618e-001	
1.51860230e+002	8.93378265e-001	
1.51965542e+002	9.78747589e-001	
1.52070855e+002	1.01022485e+000	
1.52176167e+002	1.08584114e+000	
1.52281479e+002	9.93647924e-001	
1.52386791e+002	9.67672643e-001	
1.52492104e+002	9.54610485e-001	
1.52597416e+002	9.14523325e-001	
1.52702728e+002	8.57049879e-001	
1.52808040e+002	8.00432277e-001	
1.52913353e+002	7.73322129e-001	
1.53018665e+002	7.51163433e-001	
1.53123977e+002	7.31803011e-001	
1.53229289e+002	7.15468060e-001	
1.53334601e+002	7.02369703e-001	
1.53439914e+002	6.96698274e-001	
1.53545226e+002	7.00307821e-001	
1.53650538e+002	7.14915369e-001	
1.53755850e+002	7.35960133e-001	
1.53861163e+002	7.61219540e-001	
1.53966475e+002	7.90289566e-001	
1.54071787e+002	8.22766399e-001	
1.54177099e+002	8.61413317e-001	
1.54282411e+002	9.38071762e-001	
1.54387724e+002	1.01511995e+000	
1.54493036e+002	1.05709673e+000	
1.54598348e+002	1.08197779e+000	
1.54703660e+002	1.15708480e+000	
1.54808973e+002	1.28983284e+000	
1.54914285e+002	1.26797663e+000	
1.55019597e+002	1.27232556e+000	
1.55124909e+002	1.25067941e+000	
1.55230222e+002	1.16996704e+000	
1.55335534e+002	1.09731582e+000	
1.55440846e+002	1.04639641e+000	
1.55546158e+002	9.95836450e-001	
1.55651470e+002	9.72735638e-001	
1.55756783e+002	9.53117356e-001	
1.55862095e+002	9.33503992e-001	
1.55967407e+002	8.87675736e-001	
1.56072719e+002	8.40776956e-001	
1.56178032e+002	8.08030332e-001	
1.56283344e+002	8.10023637e-001	
1.56388656e+002	7.69409238e-001	
1.56493968e+002	7.12658879e-001	
1.56599280e+002	6.04549046e-001	
1.56704593e+002	4.97483236e-001	
1.56809905e+002	4.33264502e-001	
1.56915217e+002	3.58630068e-001	
1.57020529e+002	2.71217644e-001	
1.57125842e+002	2.00627752e-001	
1.57231154e+002	2.05883996e-001	
1.57336466e+002	1.91484882e-001	
1.57441778e+002	1.56200939e-001	
1.57547090e+002	1.23120111e-001	
1.57652403e+002	9.45830087e-002	
1.57757715e+002	7.24557201e-002	
1.57863027e+002	5.08698745e-002	
