% Column 0: Length, mm
% Column 1: |B|, Tesla
0.00000000e+000	5.03444042e-002	
1.05312226e-001	6.57377999e-002	
2.10624453e-001	8.34155801e-002	
3.15936679e-001	1.11832739e-001	
4.21248905e-001	1.41294523e-001	
5.26561131e-001	1.71262667e-001	
6.31873358e-001	1.83165776e-001	
7.37185584e-001	1.78605502e-001	
8.42497810e-001	2.38389597e-001	
9.47810036e-001	3.12972870e-001	
1.05312226e+000	3.78435994e-001	
1.15843449e+000	4.28178711e-001	
1.26374672e+000	5.29893315e-001	
1.36905894e+000	6.32593559e-001	
1.47437117e+000	6.88311217e-001	
1.57968339e+000	7.28510207e-001	
1.68499562e+000	7.24562870e-001	
1.79030785e+000	7.51787425e-001	
1.89562007e+000	7.91697184e-001	
2.00093230e+000	8.30304293e-001	
2.10624453e+000	8.40866321e-001	
2.21155675e+000	8.51447435e-001	
2.31686898e+000	8.64804632e-001	
2.42218120e+000	8.99883152e-001	
2.52749343e+000	9.35156571e-001	
2.63280566e+000	9.93561756e-001	
2.73811788e+000	1.06026546e+000	
2.84343011e+000	1.07911572e+000	
2.94874234e+000	1.07765965e+000	
3.05405456e+000	1.11220645e+000	
3.15936679e+000	9.88108770e-001	
3.26467901e+000	9.22259620e-001	
3.36999124e+000	8.98845794e-001	
3.47530347e+000	8.58705543e-001	
3.58061569e+000	7.84141937e-001	
3.68592792e+000	7.09632720e-001	
3.79124015e+000	6.70990657e-001	
3.89655237e+000	6.36602713e-001	
4.00186460e+000	6.03622106e-001	
4.10717682e+000	5.72292198e-001	
4.21248905e+000	5.42898841e-001	
4.31780128e+000	5.18912058e-001	
4.42311350e+000	5.09604249e-001	
4.52842573e+000	5.11751048e-001	
4.63373796e+000	5.22913848e-001	
4.73905018e+000	5.37054339e-001	
4.84436241e+000	5.53944534e-001	
4.94967463e+000	5.73341473e-001	
5.05498686e+000	5.96916598e-001	
5.16029909e+000	6.44607441e-001	
5.26561131e+000	6.93510081e-001	
5.37092354e+000	7.31365746e-001	
5.47623577e+000	7.51603484e-001	
5.58154799e+000	7.82843973e-001	
5.68686022e+000	8.69201178e-001	
5.79217244e+000	8.19389295e-001	
5.89748467e+000	8.06101504e-001	
6.00279690e+000	7.40398859e-001	
6.10810912e+000	6.66558925e-001	
6.21342135e+000	5.81918294e-001	
6.31873358e+000	4.52376767e-001	
6.42404580e+000	3.28627224e-001	
6.52935803e+000	2.73653133e-001	
6.63467025e+000	2.07580192e-001	
6.73998248e+000	1.41544122e-001	
6.84529471e+000	1.08110707e-001	
6.95060693e+000	9.42564011e-002	
7.05591916e+000	8.07989193e-002	
7.16123139e+000	6.79515816e-002	
7.26654361e+000	5.30243028e-002	
7.37185584e+000	3.77883445e-002	
7.47716806e+000	3.69062916e-002	
7.58248029e+000	4.50727548e-002	
7.68779252e+000	5.82856714e-002	
7.79310474e+000	7.22853780e-002	
7.89841697e+000	8.49042113e-002	
8.00372920e+000	9.81927093e-002	
8.10904142e+000	1.11818560e-001	
8.21435365e+000	1.25446783e-001	
8.31966587e+000	1.62874911e-001	
8.42497810e+000	2.09027280e-001	
8.53029033e+000	2.57377298e-001	
8.63560255e+000	3.30625757e-001	
8.74091478e+000	4.67116463e-001	
8.84622701e+000	5.73656902e-001	
8.95153923e+000	6.25545161e-001	
9.05685146e+000	6.67225581e-001	
9.16216368e+000	7.09240385e-001	
9.26747591e+000	7.51533494e-001	
9.37278814e+000	7.75677391e-001	
9.47810036e+000	7.71284098e-001	
9.58341259e+000	7.79368677e-001	
9.68872482e+000	7.87673740e-001	
9.79403704e+000	7.95991656e-001	
9.89934927e+000	8.07641753e-001	
1.00046615e+001	8.19396264e-001	
1.01099737e+001	8.31250761e-001	
1.02152859e+001	8.41234136e-001	
1.03205982e+001	8.48220510e-001	
1.04259104e+001	8.55208061e-001	
1.05312226e+001	8.57738360e-001	
1.06365349e+001	8.59791752e-001	
1.07418471e+001	8.61933175e-001	
1.08471593e+001	8.64161976e-001	
1.09524715e+001	8.66477478e-001	
1.10577838e+001	8.68878990e-001	
1.11630960e+001	8.82905608e-001	
1.12684082e+001	8.99204285e-001	
1.13737204e+001	9.33457291e-001	
1.14790327e+001	9.83276527e-001	
1.15843449e+001	1.00493068e+000	
1.16896571e+001	9.98817297e-001	
1.17949693e+001	1.00338897e+000	
1.19002816e+001	9.16875298e-001	
1.20055938e+001	8.31274006e-001	
1.21109060e+001	7.78803238e-001	
1.22162182e+001	7.26842195e-001	
1.23215305e+001	6.76860340e-001	
1.24268427e+001	6.41968995e-001	
1.25321549e+001	5.95475297e-001	
1.26374672e+001	5.51835086e-001	
1.27427794e+001	5.11778845e-001	
1.28480916e+001	4.86897361e-001	
1.29534038e+001	4.75108559e-001	
1.30587161e+001	4.71637424e-001	
1.31640283e+001	4.72718820e-001	
1.32693405e+001	4.77519245e-001	
1.33746527e+001	4.86689338e-001	
1.34799650e+001	5.13663757e-001	
1.35852772e+001	5.60388337e-001	
1.36905894e+001	5.66063866e-001	
1.37959016e+001	5.10670761e-001	
1.39012139e+001	4.40864643e-001	
1.40065261e+001	4.15259311e-001	
1.41118383e+001	3.78506956e-001	
1.42171505e+001	3.36934502e-001	
1.43224628e+001	3.31910552e-001	
1.44277750e+001	2.77031426e-001	
1.45330872e+001	2.60336150e-001	
1.46383995e+001	1.98154288e-001	
1.47437117e+001	1.54951813e-001	
1.48490239e+001	1.31812396e-001	
1.49543361e+001	1.16604629e-001	
1.50596484e+001	9.91552923e-002	
1.51649606e+001	8.01455847e-002	
1.52702728e+001	6.90369684e-002	
1.53755850e+001	7.28645789e-002	
1.54808973e+001	7.56078474e-002	
1.55862095e+001	7.70168817e-002	
1.56915217e+001	8.08893403e-002	
1.57968339e+001	9.45629452e-002	
1.59021462e+001	1.37092872e-001	
1.60074584e+001	1.89148825e-001	
1.61127706e+001	2.79504053e-001	
1.62180828e+001	4.58593365e-001	
1.63233951e+001	5.09998172e-001	
1.64287073e+001	5.55961067e-001	
1.65340195e+001	5.98084908e-001	
1.66393317e+001	6.36398207e-001	
1.67446440e+001	6.56320839e-001	
1.68499562e+001	6.57539955e-001	
1.69552684e+001	6.81326686e-001	
1.70605807e+001	7.05387700e-001	
1.71658929e+001	7.29695866e-001	
1.72712051e+001	7.51797318e-001	
1.73765173e+001	7.60088430e-001	
1.74818296e+001	7.68402423e-001	
1.75871418e+001	7.73949606e-001	
1.76924540e+001	7.75101365e-001	
1.77977662e+001	7.76253127e-001	
1.79030785e+001	7.77404893e-001	
1.80083907e+001	7.78556662e-001	
1.81137029e+001	7.79708435e-001	
1.82190151e+001	7.81317894e-001	
1.83243274e+001	7.83588519e-001	
1.84296396e+001	7.85859274e-001	
1.85349518e+001	7.88108801e-001	
1.86402640e+001	7.90361527e-001	
1.87455763e+001	7.92617424e-001	
1.88508885e+001	7.94876467e-001	
1.89562007e+001	7.96477775e-001	
1.90615130e+001	7.95692226e-001	
1.91668252e+001	7.94907020e-001	
1.92721374e+001	7.93321102e-001	
1.93774496e+001	7.91531144e-001	
1.94827619e+001	7.89747607e-001	
1.95880741e+001	7.87964183e-001	
1.96933863e+001	7.86180870e-001	
1.97986985e+001	7.84397670e-001	
1.99040108e+001	7.82923983e-001	
2.00093230e+001	7.81605236e-001	
2.01146352e+001	7.78256024e-001	
2.02199474e+001	7.70380939e-001	
2.03252597e+001	7.62540564e-001	
2.04305719e+001	7.54703867e-001	
2.05358841e+001	7.62372983e-001	
2.06411963e+001	6.82290830e-001	
2.07465086e+001	6.37228721e-001	
2.08518208e+001	5.43959104e-001	
2.09571330e+001	4.60095155e-001	
2.10624453e+001	4.42909027e-001	
2.11677575e+001	4.11360367e-001	
2.12730697e+001	3.54405444e-001	
2.13783819e+001	3.08883734e-001	
2.14836942e+001	3.18855960e-001	
2.15890064e+001	2.88733672e-001	
2.16943186e+001	2.46207821e-001	
2.17996308e+001	2.09848646e-001	
2.19049431e+001	2.09900625e-001	
2.20102553e+001	2.02461336e-001	
2.21155675e+001	1.95036730e-001	
2.22208797e+001	1.87617093e-001	
2.23261920e+001	1.80203039e-001	
2.24315042e+001	1.71703152e-001	
2.25368164e+001	1.62799122e-001	
2.26421286e+001	1.55595323e-001	
2.27474409e+001	1.56704643e-001	
2.28527531e+001	1.57876754e-001	
2.29580653e+001	1.55882169e-001	
2.30633776e+001	1.52717005e-001	
2.31686898e+001	1.44716475e-001	
2.32740020e+001	1.38065000e-001	
2.33793142e+001	1.49012787e-001	
2.34846265e+001	1.76055452e-001	
2.35899387e+001	2.31061936e-001	
2.36952509e+001	3.33520394e-001	
2.38005631e+001	4.43202980e-001	
2.39058754e+001	5.02168528e-001	
2.40111876e+001	5.54979340e-001	
2.41164998e+001	6.06229974e-001	
2.42218120e+001	6.38583057e-001	
2.43271243e+001	6.37682747e-001	
2.44324365e+001	6.64241133e-001	
2.45377487e+001	6.92785625e-001	
2.46430609e+001	7.14973025e-001	
2.47483732e+001	7.23414808e-001	
2.48536854e+001	7.31988565e-001	
2.49589976e+001	7.39873794e-001	
2.50643099e+001	7.46454757e-001	
2.51696221e+001	7.53052217e-001	
2.52749343e+001	7.59665744e-001	
2.53802465e+001	7.66294921e-001	
2.54855588e+001	7.72830640e-001	
2.55908710e+001	7.79269155e-001	
2.56961832e+001	7.85720963e-001	
2.58014954e+001	7.87395366e-001	
2.59068077e+001	7.88876153e-001	
2.60121199e+001	7.90356971e-001	
2.61174321e+001	7.91837821e-001	
2.62227443e+001	7.93318703e-001	
2.63280566e+001	7.94385857e-001	
2.64333688e+001	7.93384241e-001	
2.65386810e+001	7.92382649e-001	
2.66439932e+001	7.91381082e-001	
2.67493055e+001	7.90379540e-001	
2.68546177e+001	7.89378023e-001	
2.69599299e+001	7.86591654e-001	
2.70652421e+001	7.80803386e-001	
2.71705544e+001	7.75027333e-001	
2.72758666e+001	7.69086166e-001	
2.73811788e+001	7.63124726e-001	
2.74864911e+001	7.57177543e-001	
2.75918033e+001	7.51244957e-001	
2.76971155e+001	7.45327316e-001	
2.78024277e+001	7.38011049e-001	
2.79077400e+001	7.30751094e-001	
2.80130522e+001	7.23296644e-001	
2.81183644e+001	6.95670207e-001	
2.82236766e+001	6.68258872e-001	
2.83289889e+001	6.50837910e-001	
2.84343011e+001	6.55553383e-001	
2.85396133e+001	6.07421584e-001	
2.86449255e+001	5.61307176e-001	
2.87502378e+001	5.08241085e-001	
2.88555500e+001	4.13995746e-001	
2.89608622e+001	2.69756864e-001	
2.90661744e+001	1.91413012e-001	
2.91714867e+001	1.35639132e-001	
2.92767989e+001	1.15645846e-001	
2.93821111e+001	1.20541240e-001	
2.94874234e+001	1.21470383e-001	
2.95927356e+001	1.17469391e-001	
2.96980478e+001	1.14210079e-001	
2.98033600e+001	1.13433175e-001	
2.99086723e+001	1.12378452e-001	
3.00139845e+001	1.14534286e-001	
3.01192967e+001	1.21447682e-001	
3.02246089e+001	1.25511340e-001	
3.03299212e+001	1.29622322e-001	
3.04352334e+001	1.33776266e-001	
3.05405456e+001	1.45013617e-001	
3.06458578e+001	1.56383777e-001	
3.07511701e+001	1.67724962e-001	
3.08564823e+001	1.79470773e-001	
3.09617945e+001	2.20361104e-001	
3.10671067e+001	2.63954409e-001	
3.11724190e+001	2.77210126e-001	
3.12777312e+001	2.94013755e-001	
3.13830434e+001	3.54471928e-001	
3.14883557e+001	4.23065586e-001	
3.15936679e+001	4.70733390e-001	
3.16989801e+001	5.23847693e-001	
3.18042923e+001	6.09093861e-001	
3.19096046e+001	7.03803919e-001	
3.20149168e+001	7.77917511e-001	
3.21202290e+001	8.15496944e-001	
3.22255412e+001	8.19169098e-001	
3.23308535e+001	8.17559813e-001	
3.24361657e+001	8.16231922e-001	
3.25414779e+001	8.15232924e-001	
3.26467901e+001	8.14200626e-001	
3.27521024e+001	8.13183465e-001	
3.28574146e+001	8.13563590e-001	
3.29627268e+001	8.14671835e-001	
3.30680390e+001	8.15783175e-001	
3.31733513e+001	8.16897598e-001	
3.32786635e+001	8.18015092e-001	
3.33839757e+001	8.19151947e-001	
3.34892880e+001	8.19629128e-001	
3.35946002e+001	8.19564027e-001	
3.36999124e+001	8.19220764e-001	
3.38052246e+001	8.16770987e-001	
3.39105369e+001	8.14323261e-001	
3.40158491e+001	8.11877605e-001	
3.41211613e+001	8.09434038e-001	
3.42264735e+001	8.06986861e-001	
3.43317858e+001	8.04521192e-001	
3.44370980e+001	8.02057756e-001	
3.45424102e+001	8.00425634e-001	
3.46477224e+001	7.98862402e-001	
3.47530347e+001	7.97299192e-001	
3.48583469e+001	7.95736004e-001	
3.49636591e+001	7.94172837e-001	
3.50689713e+001	7.92609692e-001	
3.51742836e+001	7.85866986e-001	
3.52795958e+001	7.78843157e-001	
3.53849080e+001	7.68584753e-001	
3.54902203e+001	7.44090516e-001	
3.55955325e+001	7.19818718e-001	
3.57008447e+001	6.95792637e-001	
3.58061569e+001	6.77837486e-001	
3.59114692e+001	6.80898756e-001	
3.60167814e+001	6.43591013e-001	
3.61220936e+001	6.05190228e-001	
3.62274058e+001	5.58706076e-001	
3.63327181e+001	5.12736079e-001	
3.64380303e+001	4.15337480e-001	
3.65433425e+001	2.39360855e-001	
3.66486547e+001	1.84001097e-001	
3.67539670e+001	1.30563586e-001	
3.68592792e+001	9.16568026e-002	
3.69645914e+001	7.94307263e-002	
3.70699036e+001	7.29503520e-002	
3.71752159e+001	6.87663664e-002	
3.72805281e+001	7.06460523e-002	
3.73858403e+001	7.30912216e-002	
3.74911525e+001	8.01636203e-002	
3.75964648e+001	9.08945100e-002	
3.77017770e+001	1.16200622e-001	
3.78070892e+001	1.47194776e-001	
3.79124015e+001	1.76863680e-001	
3.80177137e+001	1.93305279e-001	
3.81230259e+001	2.62536696e-001	
3.82283381e+001	2.95582715e-001	
3.83336504e+001	3.06328317e-001	
3.84389626e+001	3.32047371e-001	
3.85442748e+001	3.75629975e-001	
3.86495870e+001	4.08052279e-001	
3.87548993e+001	4.49288267e-001	
3.88602115e+001	5.25584991e-001	
3.89655237e+001	5.65560702e-001	
3.90708359e+001	5.66257696e-001	
3.91761482e+001	5.19345726e-001	
3.92814604e+001	4.90166204e-001	
3.93867726e+001	4.85750432e-001	
3.94920848e+001	4.84615078e-001	
3.95973971e+001	4.86458222e-001	
3.97027093e+001	4.94634700e-001	
3.98080215e+001	5.11179353e-001	
3.99133338e+001	5.33726699e-001	
4.00186460e+001	5.65810785e-001	
4.01239582e+001	6.05092530e-001	
4.02292704e+001	6.47875815e-001	
4.03345827e+001	6.93712755e-001	
4.04398949e+001	7.41251138e-001	
4.05452071e+001	7.88830335e-001	
4.06505193e+001	9.13014110e-001	
4.07558316e+001	9.69839942e-001	
4.08611438e+001	1.02836114e+000	
4.09664560e+001	1.02422840e+000	
4.10717682e+001	9.92715029e-001	
4.11770805e+001	9.62802270e-001	
4.12823927e+001	9.07720195e-001	
4.13877049e+001	8.83681542e-001	
4.14930171e+001	8.67705357e-001	
4.15983294e+001	8.58311844e-001	
4.17036416e+001	8.55634880e-001	
4.18089538e+001	8.53036863e-001	
4.19142661e+001	8.50518516e-001	
4.20195783e+001	8.48080549e-001	
4.21248905e+001	8.45744255e-001	
4.22302027e+001	8.41072163e-001	
4.23355150e+001	8.33440084e-001	
4.24408272e+001	8.25808667e-001	
4.25461394e+001	8.12619309e-001	
4.26514516e+001	7.99190495e-001	
4.27567639e+001	7.85890603e-001	
4.28620761e+001	7.74307115e-001	
4.29673883e+001	7.66364685e-001	
4.30727005e+001	7.58266035e-001	
4.31780128e+001	7.54213216e-001	
4.32833250e+001	7.63130638e-001	
4.33886372e+001	7.16518424e-001	
4.34939494e+001	6.68836595e-001	
4.35992617e+001	6.21315116e-001	
4.37045739e+001	5.74149547e-001	
4.38098861e+001	5.34515640e-001	
4.39151984e+001	3.83943231e-001	
4.40205106e+001	2.73636701e-001	
4.41258228e+001	2.09995783e-001	
4.42311350e+001	1.49466438e-001	
4.43364473e+001	1.15232522e-001	
4.44417595e+001	8.68490870e-002	
4.45470717e+001	7.20691081e-002	
4.46523839e+001	6.07213205e-002	
4.47576962e+001	5.08022404e-002	
4.48630084e+001	4.09943154e-002	
4.49683206e+001	4.08748552e-002	
4.50736328e+001	4.75686286e-002	
4.51789451e+001	5.83294090e-002	
4.52842573e+001	7.16081982e-002	
4.53895695e+001	8.61961640e-002	
4.54948817e+001	1.01531675e-001	
4.56001940e+001	1.17561516e-001	
4.57055062e+001	1.33765044e-001	
4.58108184e+001	1.54857804e-001	
4.59161306e+001	2.05805155e-001	
4.60214429e+001	2.74816218e-001	
4.61267551e+001	3.43902847e-001	
4.62320673e+001	4.34188367e-001	
4.63373796e+001	5.74588086e-001	
4.64426918e+001	7.06692413e-001	
4.65480040e+001	7.81211896e-001	
4.66533162e+001	8.23019670e-001	
4.67586285e+001	8.65989860e-001	
4.68639407e+001	9.97421878e-001	
4.69692529e+001	9.40540797e-001	
4.70745651e+001	9.12434934e-001	
4.71798774e+001	8.48161674e-001	
4.72851896e+001	7.50594458e-001	
4.73905018e+001	6.93680509e-001	
4.74958140e+001	6.65010827e-001	
4.76011263e+001	6.42279440e-001	
4.77064385e+001	6.20776846e-001	
4.78117507e+001	6.09123216e-001	
4.79170629e+001	5.98940281e-001	
4.80223752e+001	5.90304155e-001	
4.81276874e+001	5.83283550e-001	
4.82329996e+001	5.77937343e-001	
4.83383119e+001	5.73645624e-001	
4.84436241e+001	5.69334157e-001	
4.85489363e+001	5.67541511e-001	
4.86542485e+001	5.68797817e-001	
4.87595608e+001	5.82168347e-001	
4.88648730e+001	6.11103442e-001	
4.89701852e+001	6.43357949e-001	
4.90754974e+001	6.78458609e-001	
4.91808097e+001	7.23867848e-001	
4.92861219e+001	7.69609318e-001	
4.93914341e+001	8.71837935e-001	
4.94967463e+001	9.31065070e-001	
4.96020586e+001	1.00988741e+000	
4.97073708e+001	1.01483557e+000	
4.98126830e+001	9.77956827e-001	
4.99179952e+001	9.42872081e-001	
5.00233075e+001	8.88054460e-001	
5.01286197e+001	8.47395525e-001	
5.02339319e+001	8.19991866e-001	
5.03392442e+001	7.96879401e-001	
5.04445564e+001	7.88752788e-001	
5.05498686e+001	7.80645329e-001	
5.06551808e+001	7.63099819e-001	
5.07604931e+001	7.21198492e-001	
5.08658053e+001	6.79587891e-001	
5.09711175e+001	6.63453461e-001	
5.10764297e+001	6.55256421e-001	
5.11817420e+001	6.05523492e-001	
5.12870542e+001	5.28011741e-001	
5.13923664e+001	4.25035316e-001	
5.14976786e+001	3.24819599e-001	
5.16029909e+001	2.83622778e-001	
5.17083031e+001	2.11863601e-001	
5.18136153e+001	1.40445086e-001	
5.19189275e+001	1.07670516e-001	
5.20242398e+001	1.12197903e-001	
5.21295520e+001	9.41860253e-002	
5.22348642e+001	7.45869737e-002	
5.23401765e+001	6.29452912e-002	
5.24454887e+001	6.10134852e-002	
5.25508009e+001	5.41538676e-002	
5.26561131e+001	5.61881263e-002	
5.27614254e+001	7.18756032e-002	
5.28667376e+001	9.35696655e-002	
5.29720498e+001	1.22539163e-001	
5.30773620e+001	1.52302343e-001	
5.31826743e+001	1.82471240e-001	
5.32879865e+001	1.82557044e-001	
5.33932987e+001	1.90040665e-001	
5.34986109e+001	2.63547700e-001	
5.36039232e+001	3.38385128e-001	
5.37092354e+001	3.91745086e-001	
5.38145476e+001	4.62022017e-001	
5.39198598e+001	5.63978622e-001	
5.40251721e+001	6.59614731e-001	
5.41304843e+001	7.03106273e-001	
5.42357965e+001	7.25619938e-001	
5.43411088e+001	7.24587729e-001	
5.44464210e+001	7.64017125e-001	
5.45517332e+001	8.03734000e-001	
5.46570454e+001	8.32018779e-001	
5.47623577e+001	8.41873673e-001	
5.48676699e+001	8.51729670e-001	
5.49729821e+001	8.74154661e-001	
5.50782943e+001	9.12181403e-001	
5.51836066e+001	9.51470984e-001	
5.52889188e+001	1.00529217e+000	
5.53942310e+001	1.06005313e+000	
5.54995432e+001	1.08625424e+000	
5.56048555e+001	1.08571325e+000	
5.57101677e+001	1.10822033e+000	
5.58154799e+001	9.95967888e-001	
5.59207921e+001	8.90284412e-001	
5.60261044e+001	8.62119008e-001	
5.61314166e+001	8.00719732e-001	
5.62367288e+001	7.38885066e-001	
5.63420410e+001	6.90471685e-001	
5.64473533e+001	6.55181837e-001	
5.65526655e+001	6.21312736e-001	
5.66579777e+001	5.89109478e-001	
5.67632900e+001	5.59069349e-001	
5.68686022e+001	5.47184813e-001	
5.69739144e+001	5.37207524e-001	
5.70792266e+001	5.28574566e-001	
5.71845389e+001	5.21744632e-001	
5.72898511e+001	5.27214648e-001	
5.73951633e+001	5.45135096e-001	
5.75004755e+001	5.65922782e-001	
5.76057878e+001	5.89274341e-001	
5.77111000e+001	6.14897744e-001	
5.78164122e+001	6.42521249e-001	
5.79217244e+001	6.73634855e-001	
5.80270367e+001	7.05678285e-001	
5.81323489e+001	7.82276914e-001	
5.82376611e+001	8.17791673e-001	
5.83429733e+001	8.60346182e-001	
5.84482856e+001	8.55022790e-001	
5.85535978e+001	7.93578695e-001	
5.86589100e+001	7.35246106e-001	
5.87642223e+001	6.68395367e-001	
5.88695345e+001	5.58183113e-001	
5.89748467e+001	4.22718345e-001	
5.90801589e+001	3.15882798e-001	
5.91854712e+001	2.50945059e-001	
5.92907834e+001	1.84831163e-001	
5.93960956e+001	1.26298681e-001	
5.95014078e+001	1.02774333e-001	
5.96067201e+001	8.92172222e-002	
5.97120323e+001	7.60707384e-002	
5.98173445e+001	6.29318377e-002	
5.99226567e+001	4.79318677e-002	
6.00279690e+001	3.61989037e-002	
6.01332812e+001	3.87969660e-002	
6.02385934e+001	4.89928721e-002	
6.03439056e+001	6.32111658e-002	
6.04492179e+001	7.65965422e-002	
6.05545301e+001	8.96450065e-002	
6.06598423e+001	1.03263148e-001	
6.07651546e+001	1.16958535e-001	
6.08704668e+001	1.36271931e-001	
6.09757790e+001	1.77547655e-001	
6.10810912e+001	2.26421313e-001	
6.11864035e+001	2.75479605e-001	
6.12917157e+001	3.68507058e-001	
6.13970279e+001	5.07741721e-001	
6.15023401e+001	5.88637871e-001	
6.16076524e+001	6.37721327e-001	
6.17129646e+001	6.79418087e-001	
6.18182768e+001	7.21431601e-001	
6.19235890e+001	7.63709594e-001	
6.20289013e+001	7.71676542e-001	
6.21342135e+001	7.72540003e-001	
6.22395257e+001	7.81126500e-001	
6.23448379e+001	7.89618111e-001	
6.24501502e+001	7.99276056e-001	
6.25554624e+001	8.11120806e-001	
6.26607746e+001	8.23069873e-001	
6.27660869e+001	8.35118779e-001	
6.28713991e+001	8.43412181e-001	
6.29767113e+001	8.50274702e-001	
6.30820235e+001	8.56049246e-001	
6.31873358e+001	8.57852936e-001	
6.32926480e+001	8.59732470e-001	
6.33979602e+001	8.61654823e-001	
6.35032724e+001	8.63619710e-001	
6.36085847e+001	8.65626839e-001	
6.37138969e+001	8.70380857e-001	
6.38192091e+001	8.88411939e-001	
6.39245213e+001	9.06461453e-001	
6.40298336e+001	9.43364443e-001	
6.41351458e+001	9.83687052e-001	
6.42404580e+001	1.01301560e+000	
6.43457702e+001	1.00713054e+000	
6.44510825e+001	1.01671811e+000	
6.45563947e+001	9.45419953e-001	
6.46617069e+001	8.11771710e-001	
6.47670192e+001	7.89085047e-001	
6.48723314e+001	7.24099074e-001	
6.49776436e+001	6.58384817e-001	
6.50829558e+001	6.01549607e-001	
6.51882681e+001	5.73027192e-001	
6.52935803e+001	5.52266384e-001	
6.53988925e+001	5.35252135e-001	
6.55042047e+001	5.22350679e-001	
6.56095170e+001	5.13871881e-001	
6.57148292e+001	5.10036354e-001	
6.58201414e+001	5.04825155e-001	
6.59254536e+001	4.93505738e-001	
6.60307659e+001	4.84809213e-001	
6.61360781e+001	5.14130953e-001	
6.62413903e+001	5.56010604e-001	
6.63467025e+001	5.50679356e-001	
6.64520148e+001	4.72129545e-001	
6.65573270e+001	4.01828499e-001	
6.66626392e+001	3.95115131e-001	
6.67679514e+001	3.60207710e-001	
6.68732637e+001	3.25257731e-001	
6.69785759e+001	3.10843737e-001	
6.70838881e+001	2.80399770e-001	
6.71892004e+001	2.22052749e-001	
6.72945126e+001	1.89004609e-001	
6.73998248e+001	1.76861687e-001	
6.75051370e+001	1.39939245e-001	
6.76104493e+001	1.03181795e-001	
6.77157615e+001	9.02023193e-002	
6.78210737e+001	8.11016173e-002	
6.79263859e+001	7.75158192e-002	
6.80316982e+001	7.57045340e-002	
6.81370104e+001	7.52536834e-002	
6.82423226e+001	7.76217473e-002	
6.83476348e+001	8.25202232e-002	
6.84529471e+001	1.05791481e-001	
6.85582593e+001	1.56127412e-001	
6.86635715e+001	2.10697100e-001	
6.87688837e+001	3.35098325e-001	
6.88741960e+001	4.74925107e-001	
6.89795082e+001	5.19702672e-001	
6.90848204e+001	5.65937467e-001	
6.91901327e+001	6.06025600e-001	
6.92954449e+001	6.47837159e-001	
6.94007571e+001	6.53700696e-001	
6.95060693e+001	6.64291802e-001	
6.96113816e+001	6.88186053e-001	
6.97166938e+001	7.12340808e-001	
6.98220060e+001	7.36730445e-001	
6.99273182e+001	7.53498844e-001	
7.00326305e+001	7.61919365e-001	
7.01379427e+001	7.70363348e-001	
7.02432549e+001	7.73526407e-001	
7.03485671e+001	7.74642025e-001	
7.04538794e+001	7.75757644e-001	
7.05591916e+001	7.76873264e-001	
7.06645038e+001	7.77988883e-001	
7.07698160e+001	7.79104503e-001	
7.08751283e+001	7.81045596e-001	
7.09804405e+001	7.83274871e-001	
7.10857527e+001	7.85494249e-001	
7.11910650e+001	7.87700645e-001	
7.12963772e+001	7.89910358e-001	
7.14016894e+001	7.92123362e-001	
7.15070016e+001	7.94339629e-001	
7.16123139e+001	7.94767013e-001	
7.17176261e+001	7.93729785e-001	
7.18229383e+001	7.92607908e-001	
7.19282505e+001	7.90812673e-001	
7.20335628e+001	7.89038262e-001	
7.21388750e+001	7.87264864e-001	
7.22441872e+001	7.85492486e-001	
7.23494994e+001	7.83721136e-001	
7.24548117e+001	7.81950532e-001	
7.25601239e+001	7.80152871e-001	
7.26654361e+001	7.78356672e-001	
7.27707483e+001	7.79826284e-001	
7.28760606e+001	7.83173453e-001	
7.29813728e+001	7.70447051e-001	
7.30866850e+001	7.43980514e-001	
7.31919973e+001	7.25431562e-001	
7.32973095e+001	6.33361436e-001	
7.34026217e+001	5.70031433e-001	
7.35079339e+001	5.36558239e-001	
7.36132462e+001	4.81215472e-001	
7.37185584e+001	4.43363669e-001	
7.38238706e+001	4.17335333e-001	
7.39291828e+001	3.56151174e-001	
7.40344951e+001	3.14568609e-001	
7.41398073e+001	3.14132671e-001	
7.42451195e+001	2.72631626e-001	
7.43504317e+001	2.32647189e-001	
7.44557440e+001	2.09978972e-001	
7.45610562e+001	2.05743912e-001	
7.46663684e+001	2.00707211e-001	
7.47716806e+001	1.92318956e-001	
7.48769929e+001	1.83969906e-001	
7.49823051e+001	1.75665653e-001	
7.50876173e+001	1.67412861e-001	
7.51929296e+001	1.57939504e-001	
7.52982418e+001	1.56561385e-001	
7.54035540e+001	1.57361698e-001	
7.55088662e+001	1.57704981e-001	
7.56141785e+001	1.58589902e-001	
7.57194907e+001	1.57405258e-001	
7.58248029e+001	1.50898041e-001	
7.59301151e+001	1.31296338e-001	
7.60354274e+001	1.43839975e-001	
7.61407396e+001	1.71752564e-001	
7.62460518e+001	2.26874763e-001	
7.63513640e+001	3.57571484e-001	
7.64566763e+001	4.80142201e-001	
7.65619885e+001	5.32699339e-001	
7.66673007e+001	5.80609950e-001	
7.67726129e+001	6.27761796e-001	
7.68779252e+001	6.37893977e-001	
7.69832374e+001	6.45576166e-001	
7.70885496e+001	6.73604837e-001	
7.71938618e+001	7.02028797e-001	
7.72991741e+001	7.17382461e-001	
7.74044863e+001	7.25869845e-001	
7.75097985e+001	7.34487491e-001	
7.76151108e+001	7.41600338e-001	
7.77204230e+001	7.48076753e-001	
7.78257352e+001	7.54569342e-001	
7.79310474e+001	7.61077691e-001	
7.80363597e+001	7.67601398e-001	
7.81416719e+001	7.73957612e-001	
7.82469841e+001	7.80289352e-001	
7.83522963e+001	7.85166721e-001	
7.84576086e+001	7.86532129e-001	
7.85629208e+001	7.87897558e-001	
7.86682330e+001	7.89263007e-001	
7.87735452e+001	7.90628476e-001	
7.88788575e+001	7.91993965e-001	
7.89841697e+001	7.92059929e-001	
7.90894819e+001	7.90826397e-001	
7.91947941e+001	7.89592926e-001	
7.93001064e+001	7.88359517e-001	
7.94054186e+001	7.87126169e-001	
7.95107308e+001	7.85892882e-001	
7.96160431e+001	7.81428698e-001	
7.97213553e+001	7.75625641e-001	
7.98266675e+001	7.69798814e-001	
7.99319797e+001	7.63815857e-001	
8.00372920e+001	7.57845724e-001	
8.01426042e+001	7.51888721e-001	
8.02479164e+001	7.45945162e-001	
8.03532286e+001	7.39814651e-001	
8.04585409e+001	7.33274061e-001	
8.05638531e+001	7.26851246e-001	
8.06691653e+001	7.13231386e-001	
8.07744775e+001	6.85923021e-001	
8.08797898e+001	6.58982548e-001	
8.09851020e+001	6.51681901e-001	
8.10904142e+001	6.41007876e-001	
8.11957264e+001	5.92175583e-001	
8.13010387e+001	5.43667954e-001	
8.14063509e+001	4.91872099e-001	
8.15116631e+001	3.67985276e-001	
8.16169754e+001	2.32264762e-001	
8.17222876e+001	1.72878665e-001	
8.18275998e+001	1.34971549e-001	
8.19329120e+001	1.07735351e-001	
8.20382243e+001	1.18965686e-001	
8.21435365e+001	1.18954245e-001	
8.22488487e+001	1.14716223e-001	
8.23541609e+001	1.14737463e-001	
8.24594732e+001	1.15686454e-001	
8.25647854e+001	1.15406320e-001	
8.26700976e+001	1.16897768e-001	
8.27754098e+001	1.27444430e-001	
8.28807221e+001	1.36100520e-001	
8.29860343e+001	1.44771225e-001	
8.30913465e+001	1.53454069e-001	
8.31966587e+001	1.62147102e-001	
8.33019710e+001	1.67414749e-001	
8.34072832e+001	1.71874183e-001	
8.35125954e+001	1.92845292e-001	
8.36179077e+001	2.31818527e-001	
8.37232199e+001	2.72535906e-001	
8.38285321e+001	2.81156325e-001	
8.39338443e+001	3.32497828e-001	
8.40391566e+001	4.05298346e-001	
8.41444688e+001	4.43712665e-001	
8.42497810e+001	4.94819316e-001	
8.43550932e+001	5.54329999e-001	
8.44604055e+001	5.96767877e-001	
8.45657177e+001	6.74385722e-001	
8.46710299e+001	7.75353211e-001	
8.47763421e+001	7.91098464e-001	
8.48816544e+001	8.17300062e-001	
8.49869666e+001	8.27512199e-001	
8.50922788e+001	8.18979666e-001	
8.51975910e+001	8.13377386e-001	
8.53029033e+001	8.12885782e-001	
8.54082155e+001	8.12395326e-001	
8.55135277e+001	8.13413272e-001	
8.56188400e+001	8.14446634e-001	
8.57241522e+001	8.15480031e-001	
8.58294644e+001	8.16513461e-001	
8.59347766e+001	8.17546925e-001	
8.60400889e+001	8.18599396e-001	
8.61454011e+001	8.18867306e-001	
8.62507133e+001	8.19035991e-001	
8.63560255e+001	8.18050284e-001	
8.64613378e+001	8.15654706e-001	
8.65666500e+001	8.13261150e-001	
8.66719622e+001	8.10869632e-001	
8.67772744e+001	8.08480172e-001	
8.68825867e+001	8.06077765e-001	
8.69878989e+001	8.03665229e-001	
8.70932111e+001	8.01480589e-001	
8.71985233e+001	7.99950210e-001	
8.73038356e+001	7.98419846e-001	
8.74091478e+001	7.96889497e-001	
8.75144600e+001	7.95359162e-001	
8.76197722e+001	7.93828841e-001	
8.77250845e+001	7.90774145e-001	
8.78303967e+001	7.83786840e-001	
8.79357089e+001	7.76818092e-001	
8.80410212e+001	7.60745281e-001	
8.81463334e+001	7.36348305e-001	
8.82516456e+001	7.12181574e-001	
8.83569578e+001	6.88269341e-001	
8.84622701e+001	6.77932611e-001	
8.85675823e+001	6.72309314e-001	
8.86728945e+001	6.30685401e-001	
8.87782067e+001	5.90512333e-001	
8.88835190e+001	5.43666935e-001	
8.89888312e+001	4.98157098e-001	
8.90941434e+001	3.55253804e-001	
8.91994556e+001	2.21130608e-001	
8.93047679e+001	1.66294325e-001	
8.94100801e+001	1.14099137e-001	
8.95153923e+001	8.54239347e-002	
8.96207045e+001	7.78893725e-002	
8.97260168e+001	7.22992886e-002	
8.98313290e+001	6.78884310e-002	
8.99366412e+001	6.18418680e-002	
9.00419535e+001	6.35027346e-002	
9.01472657e+001	8.00141035e-002	
9.02525779e+001	9.80090866e-002	
9.03578901e+001	1.13048234e-001	
9.04632024e+001	1.30957820e-001	
9.05685146e+001	1.60169284e-001	
9.06738268e+001	2.25821014e-001	
9.07791390e+001	2.52434885e-001	
9.08844513e+001	2.93702061e-001	
9.09897635e+001	3.11192851e-001	
9.10950757e+001	3.53460237e-001	
9.12003879e+001	3.96022879e-001	
9.13057002e+001	4.12006204e-001	
9.14110124e+001	4.80148902e-001	
9.15163246e+001	5.55602949e-001	
9.16216368e+001	5.59256953e-001	
9.17269491e+001	5.32266604e-001	
9.18322613e+001	4.87677647e-001	
9.19375735e+001	4.82084291e-001	
9.20428858e+001	4.81283739e-001	
9.21481980e+001	4.83589363e-001	
9.22535102e+001	4.89109169e-001	
9.23588224e+001	5.00730581e-001	
9.24641347e+001	5.19508646e-001	
9.25694469e+001	5.44562609e-001	
9.26747591e+001	5.81036753e-001	
9.27800713e+001	6.21910316e-001	
9.28853836e+001	6.65986254e-001	
9.29906958e+001	7.12839719e-001	
9.30960080e+001	7.60303478e-001	
9.32013202e+001	8.29651584e-001	
9.33066325e+001	9.24834922e-001	
9.34119447e+001	1.00370243e+000	
9.35172569e+001	1.03364654e+000	
9.36225691e+001	1.01654190e+000	
9.37278814e+001	9.85407107e-001	
9.38331936e+001	9.47488768e-001	
9.39385058e+001	8.96611014e-001	
9.40438181e+001	8.80475333e-001	
9.41491303e+001	8.64341259e-001	
9.42544425e+001	8.59276350e-001	
9.43597547e+001	8.56543525e-001	
9.44650670e+001	8.53890403e-001	
9.45703792e+001	8.51317730e-001	
9.46756914e+001	8.48826236e-001	
9.47810036e+001	8.46463358e-001	
9.48863159e+001	8.39910421e-001	
9.49916281e+001	8.32200916e-001	
9.50969403e+001	8.22869926e-001	
9.52022525e+001	8.09290405e-001	
9.53075648e+001	7.95835830e-001	
9.54128770e+001	7.82512649e-001	
9.55181892e+001	7.72604055e-001	
9.56235014e+001	7.64533094e-001	
9.57288137e+001	7.56348574e-001	
9.58341259e+001	7.56950955e-001	
9.59394381e+001	7.49032806e-001	
9.60447504e+001	7.01150867e-001	
9.61500626e+001	6.53408040e-001	
9.62553748e+001	6.05837212e-001	
9.63606870e+001	5.59948686e-001	
9.64659993e+001	4.87388379e-001	
9.65713115e+001	3.32860000e-001	
9.66766237e+001	2.52115141e-001	
9.67819359e+001	1.88441443e-001	
9.68872482e+001	1.37810635e-001	
9.69925604e+001	1.03585022e-001	
9.70978726e+001	8.01347565e-002	
9.72031848e+001	6.79618827e-002	
9.73084971e+001	5.72865536e-002	
9.74138093e+001	4.78352756e-002	
9.75191215e+001	4.04679329e-002	
9.76244337e+001	4.37039372e-002	
9.77297460e+001	5.25907088e-002	
9.78350582e+001	6.48451938e-002	
9.79403704e+001	7.97664691e-002	
9.80456826e+001	9.55955948e-002	
9.81509949e+001	1.12133559e-001	
9.82563071e+001	1.29010727e-001	
9.83616193e+001	1.46057282e-001	
9.84669316e+001	1.74787882e-001	
9.85722438e+001	2.37904971e-001	
9.86775560e+001	3.08286091e-001	
9.87828682e+001	3.78623012e-001	
9.88881805e+001	4.85004682e-001	
9.89934927e+001	6.28484657e-001	
9.90988049e+001	7.45495690e-001	
9.92041171e+001	8.05606886e-001	
9.93094294e+001	8.50066050e-001	
9.94147416e+001	8.95611276e-001	
9.95200538e+001	9.78010096e-001	
9.96253660e+001	9.62781903e-001	
9.97306783e+001	9.08183020e-001	
9.98359905e+001	8.39197873e-001	
9.99413027e+001	7.43551232e-001	
1.00046615e+002	6.98027905e-001	
1.00151927e+002	6.64573525e-001	
1.00257239e+002	6.31879501e-001	
1.00362552e+002	6.06447703e-001	
1.00467864e+002	5.91665039e-001	
1.00573176e+002	5.79510040e-001	
1.00678488e+002	5.70150788e-001	
1.00783801e+002	5.64717377e-001	
1.00889113e+002	5.61829204e-001	
1.00994425e+002	5.60204357e-001	
1.01099737e+002	5.60368685e-001	
1.01205049e+002	5.62320619e-001	
1.01310362e+002	5.66041665e-001	
1.01415674e+002	5.85445315e-001	
1.01520986e+002	6.21827865e-001	
1.01626298e+002	6.61107461e-001	
1.01731611e+002	7.02233064e-001	
1.01836923e+002	7.42463811e-001	
1.01942235e+002	7.82966177e-001	
1.02047547e+002	8.97062710e-001	
1.02152859e+002	9.57021660e-001	
1.02258172e+002	1.00938996e+000	
1.02363484e+002	9.99928930e-001	
1.02468796e+002	9.64704583e-001	
1.02574108e+002	9.27813560e-001	
1.02679421e+002	8.68804392e-001	
1.02784733e+002	8.39149574e-001	
1.02890045e+002	8.12079160e-001	
1.02995357e+002	7.95567701e-001	
1.03100670e+002	7.87546195e-001	
1.03205982e+002	7.79541316e-001	
1.03311294e+002	7.50783478e-001	
1.03416606e+002	7.09054699e-001	
1.03521918e+002	6.67547203e-001	
1.03627231e+002	6.65744765e-001	
1.03732543e+002	6.39604318e-001	
1.03837855e+002	5.92093927e-001	
1.03943167e+002	4.95014349e-001	
1.04048480e+002	3.92730868e-001	
1.04153792e+002	3.12326619e-001	
1.04259104e+002	2.60994831e-001	
1.04364416e+002	1.89225195e-001	
1.04469728e+002	1.17962922e-001	
1.04575041e+002	1.10199475e-001	
1.04680353e+002	1.10434191e-001	
1.04785665e+002	8.78410359e-002	
1.04890977e+002	7.02840828e-002	
1.04996290e+002	6.21862103e-002	
1.05101602e+002	5.83129330e-002	
1.05206914e+002	5.13945369e-002	
1.05312226e+002	5.98920698e-002	
1.05417538e+002	7.57178217e-002	
1.05522851e+002	1.01325748e-001	
1.05628163e+002	1.30424207e-001	
1.05733475e+002	1.60201486e-001	
1.05838787e+002	1.83401675e-001	
1.05944100e+002	1.77684906e-001	
1.06049412e+002	2.12088997e-001	
1.06154724e+002	2.89057408e-001	
1.06260036e+002	3.62235923e-001	
1.06365349e+002	4.01420236e-001	
1.06470661e+002	4.93942856e-001	
1.06575973e+002	6.01286725e-001	
1.06681285e+002	6.77946350e-001	
1.06786597e+002	7.20521979e-001	
1.06891910e+002	7.24839446e-001	
1.06997222e+002	7.37996576e-001	
1.07102534e+002	7.77690231e-001	
1.07207846e+002	8.17742170e-001	
1.07313159e+002	8.35970823e-001	
1.07418471e+002	8.45705848e-001	
1.07523783e+002	8.55441486e-001	
1.07629095e+002	8.87340028e-001	
1.07734407e+002	9.25522200e-001	
1.07839720e+002	9.70196806e-001	
1.07945032e+002	1.02480048e+000	
1.08050344e+002	1.08024683e+000	
1.08155656e+002	1.08543554e+000	
1.08260969e+002	1.09365794e+000	
1.08366281e+002	1.09711735e+000	
1.08471593e+002	9.49240759e-001	
1.08576905e+002	8.85042376e-001	
1.08682218e+002	8.35807318e-001	
1.08787530e+002	7.59141585e-001	
1.08892842e+002	6.82707811e-001	
1.08998154e+002	6.50975861e-001	
1.09103466e+002	6.27888656e-001	
1.09208779e+002	6.06264465e-001	
1.09314091e+002	5.86265196e-001	
1.09419403e+002	5.70211084e-001	
1.09524715e+002	5.60098455e-001	
1.09630028e+002	5.51917561e-001	
1.09735340e+002	5.44970215e-001	
1.09840652e+002	5.40151109e-001	
1.09945964e+002	5.50957983e-001	
1.10051276e+002	5.66722970e-001	
1.10156589e+002	5.84863761e-001	
1.10261901e+002	6.05166741e-001	
1.10367213e+002	6.27422042e-001	
1.10472525e+002	6.51457613e-001	
1.10577838e+002	6.83998901e-001	
1.10683150e+002	7.16415007e-001	
1.10788462e+002	8.23721681e-001	
1.10893774e+002	8.24461267e-001	
1.10999086e+002	8.73508402e-001	
1.11104399e+002	8.35281387e-001	
1.11209711e+002	7.75291934e-001	
1.11315023e+002	7.17218650e-001	
1.11420335e+002	6.40879215e-001	
1.11525648e+002	5.13564064e-001	
1.11630960e+002	3.78989713e-001	
1.11736272e+002	2.95667640e-001	
1.11841584e+002	2.29509169e-001	
1.11946897e+002	1.63377123e-001	
1.12052209e+002	1.16475153e-001	
1.12157521e+002	9.85795459e-002	
1.12262833e+002	8.49965951e-002	
1.12368145e+002	7.19318664e-002	
1.12473458e+002	5.78788082e-002	
1.12578770e+002	4.26120980e-002	
1.12684082e+002	3.56664215e-002	
1.12789394e+002	4.11521959e-002	
1.12894707e+002	5.28679249e-002	
1.13000019e+002	6.73054322e-002	
1.13105331e+002	7.94571489e-002	
1.13210643e+002	9.21429922e-002	
1.13315955e+002	1.05515311e-001	
1.13421268e+002	1.18891921e-001	
1.13526580e+002	1.46704463e-001	
1.13631892e+002	1.90202051e-001	
1.13737204e+002	2.38063256e-001	
1.13842517e+002	2.86192291e-001	
1.13947829e+002	4.16551121e-001	
1.14053141e+002	5.51263708e-001	
1.14158453e+002	6.04368722e-001	
1.14263765e+002	6.47196056e-001	
1.14369078e+002	6.89236522e-001	
1.14474390e+002	7.31556642e-001	
1.14579702e+002	7.73052741e-001	
1.14685014e+002	7.65583265e-001	
1.14790327e+002	7.70558825e-001	
1.14895639e+002	7.79742582e-001	
1.15000951e+002	7.88805336e-001	
1.15106263e+002	8.00349395e-001	
1.15211576e+002	8.13070085e-001	
1.15316888e+002	8.25890779e-001	
1.15422200e+002	8.38477745e-001	
1.15527512e+002	8.46004887e-001	
1.15632824e+002	8.53532037e-001	
1.15738137e+002	8.58433460e-001	
1.15843449e+002	8.61233426e-001	
1.15948761e+002	8.64090001e-001	
1.16054073e+002	8.66986015e-001	
1.16159386e+002	8.69921073e-001	
1.16264698e+002	8.72894782e-001	
1.16370010e+002	8.83396510e-001	
1.16475322e+002	9.01323312e-001	
1.16580634e+002	9.23579593e-001	
1.16685947e+002	9.62798845e-001	
1.16791259e+002	1.00263876e+000	
1.16896571e+002	1.01571726e+000	
1.17001883e+002	1.01279534e+000	
1.17107196e+002	1.02493205e+000	
1.17212508e+002	9.02190976e-001	
1.17317820e+002	8.08250705e-001	
1.17423132e+002	7.71467919e-001	
1.17528445e+002	7.06859421e-001	
1.17633757e+002	6.42752745e-001	
1.17739069e+002	5.97661123e-001	
1.17844381e+002	5.71293523e-001	
1.17949693e+002	5.49013663e-001	
1.18055006e+002	5.29531976e-001	
1.18160318e+002	5.13167247e-001	
1.18265630e+002	5.00225481e-001	
1.18370942e+002	4.90977431e-001	
1.18476255e+002	4.85104423e-001	
1.18581567e+002	4.83051350e-001	
1.18686879e+002	4.92738785e-001	
1.18792191e+002	5.50271183e-001	
1.18897503e+002	5.67260639e-001	
1.19002816e+002	5.33672332e-001	
1.19108128e+002	4.58066799e-001	
1.19213440e+002	4.09557064e-001	
1.19318752e+002	3.85922635e-001	
1.19424065e+002	3.45745388e-001	
1.19529377e+002	3.23871588e-001	
1.19634689e+002	2.83837003e-001	
1.19740001e+002	2.62866374e-001	
1.19845313e+002	2.19552860e-001	
1.19950626e+002	1.64743769e-001	
1.20055938e+002	1.36708616e-001	
1.20161250e+002	1.20925505e-001	
1.20266562e+002	1.05108442e-001	
1.20371875e+002	8.59559657e-002	
1.20477187e+002	6.78004875e-002	
1.20582499e+002	7.02857128e-002	
1.20687811e+002	7.37873968e-002	
1.20793124e+002	7.45337443e-002	
1.20898436e+002	7.75880793e-002	
1.21003748e+002	8.52376377e-002	
1.21109060e+002	1.17886459e-001	
1.21214372e+002	1.68053280e-001	
1.21319685e+002	2.21299490e-001	
1.21424997e+002	3.94117636e-001	
1.21530309e+002	4.90009659e-001	
1.21635621e+002	5.35255752e-001	
1.21740934e+002	5.81013884e-001	
1.21846246e+002	6.17284185e-001	
1.21951558e+002	6.52753626e-001	
1.22056870e+002	6.49390152e-001	
1.22162182e+002	6.67475807e-001	
1.22267495e+002	6.91838727e-001	
1.22372807e+002	7.16459682e-001	
1.22478119e+002	7.41312964e-001	
1.22583431e+002	7.53350515e-001	
1.22688744e+002	7.62476010e-001	
1.22794056e+002	7.71214536e-001	
1.22899368e+002	7.72891238e-001	
1.23004680e+002	7.74567948e-001	
1.23109992e+002	7.76244663e-001	
1.23215305e+002	7.77921386e-001	
1.23320617e+002	7.79598115e-001	
1.23425929e+002	7.81347156e-001	
1.23531241e+002	7.83969677e-001	
1.23636554e+002	7.86595801e-001	
1.23741866e+002	7.89198615e-001	
1.23847178e+002	7.91797438e-001	
1.23952490e+002	7.94399660e-001	
1.24057803e+002	7.97005247e-001	
1.24163115e+002	7.99614166e-001	
1.24268427e+002	7.99102540e-001	
1.24373739e+002	7.98179265e-001	
1.24479051e+002	7.96745591e-001	
1.24584364e+002	7.94689912e-001	
1.24689676e+002	7.92651337e-001	
1.24794988e+002	7.90612792e-001	
1.24900300e+002	7.88574277e-001	
1.25005613e+002	7.86535792e-001	
1.25110925e+002	7.84632842e-001	
1.25216237e+002	7.82994606e-001	
1.25321549e+002	7.81364823e-001	
1.25426861e+002	7.73379735e-001	
1.25532174e+002	7.65290718e-001	
1.25637486e+002	7.57205230e-001	
1.25742798e+002	7.55319783e-001	
1.25848110e+002	7.04654365e-001	
1.25953423e+002	6.47799095e-001	
1.26058735e+002	5.80697900e-001	
1.26164047e+002	4.72461167e-001	
1.26269359e+002	4.46397259e-001	
1.26374672e+002	4.31907156e-001	
1.26479984e+002	3.72190906e-001	
1.26585296e+002	3.22412251e-001	
1.26690608e+002	3.08153238e-001	
1.26795920e+002	3.03447931e-001	
1.26901233e+002	2.60424146e-001	
1.27006545e+002	2.19534370e-001	
1.27111857e+002	2.11703570e-001	
1.27217169e+002	2.05358106e-001	
1.27322482e+002	1.97906703e-001	
1.27427794e+002	1.90459194e-001	
1.27533106e+002	1.83016054e-001	
1.27638418e+002	1.74866257e-001	
1.27743730e+002	1.65489656e-001	
1.27849043e+002	1.56308688e-001	
1.27954355e+002	1.55821064e-001	
1.28059667e+002	1.57335000e-001	
1.28164979e+002	1.56996496e-001	
1.28270292e+002	1.53968458e-001	
1.28375604e+002	1.47537609e-001	
1.28480916e+002	1.40541094e-001	
1.28586228e+002	1.42449649e-001	
1.28691540e+002	1.65643130e-001	
1.28796853e+002	1.99947766e-001	
1.28902165e+002	2.97126436e-001	
1.29007477e+002	4.05039970e-001	
1.29112789e+002	4.83369507e-001	
1.29218102e+002	5.37180829e-001	
1.29323414e+002	5.87518007e-001	
1.29428726e+002	6.40302403e-001	
1.29534038e+002	6.35852929e-001	
1.29639351e+002	6.54003499e-001	
1.29744663e+002	6.82496456e-001	
1.29849975e+002	7.11259722e-001	
1.29955287e+002	7.20106614e-001	
1.30060599e+002	7.28773421e-001	
1.30165912e+002	7.37472365e-001	
1.30271224e+002	7.44014919e-001	
1.30376536e+002	7.50574243e-001	
1.30481848e+002	7.57149904e-001	
1.30587161e+002	7.63741478e-001	
1.30692473e+002	7.70312805e-001	
1.30797785e+002	7.76712362e-001	
1.30903097e+002	7.83125423e-001	
1.31008409e+002	7.86395102e-001	
1.31113722e+002	7.87795526e-001	
1.31219034e+002	7.89195968e-001	
1.31324346e+002	7.90596428e-001	
1.31429658e+002	7.91996905e-001	
1.31534971e+002	7.93397400e-001	
1.31640283e+002	7.92622713e-001	
1.31745595e+002	7.91413044e-001	
1.31850907e+002	7.90203436e-001	
1.31956220e+002	7.88993889e-001	
1.32061532e+002	7.87784405e-001	
1.32166844e+002	7.86396782e-001	
1.32272156e+002	7.80612359e-001	
1.32377468e+002	7.74839059e-001	
1.32482781e+002	7.68974446e-001	
1.32588093e+002	7.63021829e-001	
1.32693405e+002	7.57082196e-001	
1.32798717e+002	7.51155855e-001	
1.32904030e+002	7.45243123e-001	
1.33009342e+002	7.38928244e-001	
1.33114654e+002	7.32459545e-001	
1.33219966e+002	7.26109432e-001	
1.33325278e+002	7.05529384e-001	
1.33430591e+002	6.78325541e-001	
1.33535903e+002	6.53039366e-001	
1.33641215e+002	6.55060304e-001	
1.33746527e+002	6.26182818e-001	
1.33851840e+002	5.79699066e-001	
1.33957152e+002	5.28651589e-001	
1.34062464e+002	4.66410572e-001	
1.34167776e+002	3.19353332e-001	
1.34273088e+002	2.15707471e-001	
1.34378401e+002	1.54339787e-001	
1.34483713e+002	1.16483185e-001	
1.34589025e+002	1.19776170e-001	
1.34694337e+002	1.22276503e-001	
1.34799650e+002	1.19913115e-001	
1.34904962e+002	1.14515912e-001	
1.35010274e+002	1.13794087e-001	
1.35115586e+002	1.13072246e-001	
1.35220899e+002	1.11274765e-001	
1.35326211e+002	1.19987536e-001	
1.35431523e+002	1.23860065e-001	
1.35536835e+002	1.27782768e-001	
1.35642147e+002	1.31751165e-001	
1.35747460e+002	1.40260540e-001	
1.35852772e+002	1.51470464e-001	
1.35958084e+002	1.62671549e-001	
1.36063396e+002	1.69730296e-001	
1.36168709e+002	2.04253316e-001	
1.36274021e+002	2.46644279e-001	
1.36379333e+002	2.79284548e-001	
1.36484645e+002	2.83280795e-001	
1.36589957e+002	3.31241405e-001	
1.36695270e+002	3.97613453e-001	
1.36800582e+002	4.55915122e-001	
1.36905894e+002	4.98110647e-001	
1.37011206e+002	5.62048628e-001	
1.37116519e+002	6.78724322e-001	
1.37221831e+002	7.44821391e-001	
1.37327143e+002	8.08063898e-001	
1.37432455e+002	8.16913024e-001	
1.37537767e+002	8.15941481e-001	
1.37643080e+002	8.15261189e-001	
1.37748392e+002	8.14905473e-001	
1.37853704e+002	8.14779966e-001	
1.37959016e+002	8.14673263e-001	
1.38064329e+002	8.15025562e-001	
1.38169641e+002	8.16311244e-001	
1.38274953e+002	8.17599711e-001	
1.38380265e+002	8.18890950e-001	
1.38485578e+002	8.20184948e-001	
1.38590890e+002	8.21490681e-001	
1.38696202e+002	8.22514931e-001	
1.38801514e+002	8.22422347e-001	
1.38906826e+002	8.22329904e-001	
1.39012139e+002	8.20140943e-001	
1.39117451e+002	8.17373753e-001	
1.39222763e+002	8.14608730e-001	
1.39328075e+002	8.11845898e-001	
1.39433388e+002	8.09085278e-001	
1.39538700e+002	8.06307094e-001	
1.39644012e+002	8.03528650e-001	
1.39749324e+002	8.01317593e-001	
1.39854636e+002	7.99499571e-001	
1.39959949e+002	7.97681559e-001	
1.40065261e+002	7.95863558e-001	
1.40170573e+002	7.94045568e-001	
1.40275885e+002	7.92227589e-001	
1.40381198e+002	7.87277049e-001	
1.40486510e+002	7.80356070e-001	
1.40591822e+002	7.73454270e-001	
1.40697134e+002	7.51558820e-001	
1.40802447e+002	7.27238526e-001	
1.40907759e+002	7.03150622e-001	
1.41013071e+002	6.79319832e-001	
1.41118383e+002	6.77825042e-001	
1.41223695e+002	6.56768021e-001	
1.41329008e+002	6.16616144e-001	
1.41434320e+002	5.73585356e-001	
1.41539632e+002	5.27287124e-001	
1.41644944e+002	4.75349787e-001	
1.41750257e+002	2.94143097e-001	
1.41855569e+002	2.01992393e-001	
1.41960881e+002	1.47745352e-001	
1.42066193e+002	1.00584493e-001	
1.42171505e+002	8.14381665e-002	
1.42276818e+002	7.41310048e-002	
1.42382130e+002	6.87224841e-002	
1.42487442e+002	6.88880234e-002	
1.42592754e+002	7.19079020e-002	
1.42698067e+002	7.70141153e-002	
1.42803379e+002	8.64807615e-002	
1.42908691e+002	1.05587033e-001	
1.43014003e+002	1.37001459e-001	
1.43119315e+002	1.68798963e-001	
1.43224628e+002	1.85401665e-001	
1.43329940e+002	2.40658554e-001	
1.43435252e+002	2.98519379e-001	
1.43540564e+002	2.99696193e-001	
1.43645877e+002	3.16441975e-001	
1.43751189e+002	3.57858572e-001	
1.43856501e+002	3.99363887e-001	
1.43961813e+002	4.16148385e-001	
1.44067126e+002	4.84018340e-001	
1.44172438e+002	5.49530978e-001	
1.44277750e+002	5.34452847e-001	
1.44383062e+002	5.28089860e-001	
1.44488374e+002	5.34646287e-001	
1.44593687e+002	5.20840110e-001	
1.44698999e+002	5.18842066e-001	
1.44804311e+002	5.20894969e-001	
1.44909623e+002	5.29355052e-001	
1.45014936e+002	5.42229660e-001	
1.45120248e+002	5.59130382e-001	
1.45225560e+002	5.79705193e-001	
1.45330872e+002	6.03578482e-001	
1.45436184e+002	6.30375605e-001	
1.45541497e+002	6.59740381e-001	
1.45646809e+002	7.13770510e-001	
1.45752121e+002	7.72513710e-001	
1.45857433e+002	8.83049493e-001	
1.45962746e+002	9.46036628e-001	
1.46068058e+002	1.02800758e+000	
1.46173370e+002	1.03456584e+000	
1.46278682e+002	1.00477669e+000	
1.46383995e+002	9.74146219e-001	
1.46489307e+002	9.28499641e-001	
1.46594619e+002	8.91728738e-001	
1.46699931e+002	8.75219128e-001	
1.46805243e+002	8.60920468e-001	
1.46910556e+002	8.57945843e-001	
1.47015868e+002	8.55043374e-001	
1.47121180e+002	8.52213796e-001	
1.47226492e+002	8.49457840e-001	
1.47331805e+002	8.46776224e-001	
1.47437117e+002	8.43605716e-001	
1.47542429e+002	8.35910725e-001	
1.47647741e+002	8.28216848e-001	
1.47753053e+002	8.16866887e-001	
1.47858366e+002	8.03236711e-001	
1.47963678e+002	7.89732220e-001	
1.48068990e+002	7.76359972e-001	
1.48174302e+002	7.67027199e-001	
1.48279615e+002	7.57724088e-001	
1.48384927e+002	7.48692765e-001	
1.48490239e+002	7.54201276e-001	
1.48595551e+002	7.27161247e-001	
1.48700863e+002	6.79424401e-001	
1.48806176e+002	6.31839684e-001	
1.48911488e+002	5.84444254e-001	
1.49016800e+002	5.42365155e-001	
1.49122112e+002	4.32284320e-001	
1.49227425e+002	2.92389837e-001	
1.49332737e+002	2.29143589e-001	
1.49438049e+002	1.65712820e-001	
1.49543361e+002	1.25336190e-001	
1.49648674e+002	9.29094722e-002	
1.49753986e+002	7.51525405e-002	
1.49859298e+002	6.35010660e-002	
1.49964610e+002	5.34302909e-002	
1.50069922e+002	4.40004751e-002	
1.50175235e+002	3.97344212e-002	
1.50280547e+002	4.44171474e-002	
1.50385859e+002	5.40171526e-002	
1.50491171e+002	6.65001375e-002	
1.50596484e+002	8.13431498e-002	
1.50701796e+002	9.65909172e-002	
1.50807108e+002	1.12530454e-001	
1.50912420e+002	1.28631891e-001	
1.51017732e+002	1.44845962e-001	
1.51123045e+002	1.83053541e-001	
1.51228357e+002	2.52038216e-001	
1.51333669e+002	3.21132632e-001	
1.51438981e+002	3.82442855e-001	
1.51544294e+002	5.12685422e-001	
1.51649606e+002	6.47468433e-001	
1.51754918e+002	7.45407947e-001	
1.51860230e+002	8.31204641e-001	
1.51965542e+002	9.02269308e-001	
1.52070855e+002	9.17894158e-001	
1.52176167e+002	9.77342347e-001	
1.52281479e+002	8.80810107e-001	
1.52386791e+002	8.49268375e-001	
1.52492104e+002	8.29511657e-001	
1.52597416e+002	7.86107750e-001	
1.52702728e+002	7.27354995e-001	
1.52808040e+002	6.68997394e-001	
1.52913353e+002	6.41050771e-001	
1.53018665e+002	6.17167913e-001	
1.53123977e+002	5.95007182e-001	
1.53229289e+002	5.74767807e-001	
1.53334601e+002	5.56659402e-001	
1.53439914e+002	5.44818039e-001	
1.53545226e+002	5.41272931e-001	
1.53650538e+002	5.47539777e-001	
1.53755850e+002	5.59299992e-001	
1.53861163e+002	5.74568623e-001	
1.53966475e+002	5.93074761e-001	
1.54071787e+002	6.14525989e-001	
1.54177099e+002	6.41420561e-001	
1.54282411e+002	7.02226420e-001	
1.54387724e+002	7.63670254e-001	
1.54493036e+002	7.96458515e-001	
1.54598348e+002	8.15199988e-001	
1.54703660e+002	8.77685087e-001	
1.54808973e+002	9.93206877e-001	
1.54914285e+002	9.62200552e-001	
1.55019597e+002	9.64946923e-001	
1.55124909e+002	9.51034059e-001	
1.55230222e+002	8.97947852e-001	
1.55335534e+002	8.51956534e-001	
1.55440846e+002	8.26055751e-001	
1.55546158e+002	8.00287075e-001	
1.55651470e+002	7.90107933e-001	
1.55756783e+002	7.81931224e-001	
1.55862095e+002	7.73778237e-001	
1.55967407e+002	7.33827009e-001	
1.56072719e+002	6.92299579e-001	
1.56178032e+002	6.62962338e-001	
1.56283344e+002	6.64448179e-001	
1.56388656e+002	6.20249932e-001	
1.56493968e+002	5.61661797e-001	
1.56599280e+002	4.58202795e-001	
1.56704593e+002	3.56948998e-001	
1.56809905e+002	2.97142027e-001	
1.56915217e+002	2.35049097e-001	
1.57020529e+002	1.63429844e-001	
1.57125842e+002	1.05356012e-001	
1.57231154e+002	1.09713766e-001	
1.57336466e+002	1.00844275e-001	
1.57441778e+002	7.99817142e-002	
1.57547090e+002	6.56624255e-002	
1.57652403e+002	6.25540273e-002	
1.57757715e+002	5.61829132e-002	
1.57863027e+002	5.03759393e-002	
