% Column 0: Length, mm
% Column 1: |B|, Tesla
0.00000000e+000	2.60998280e-001	
1.05312226e-001	3.37581934e-001	
2.10624453e-001	4.18880699e-001	
3.15936679e-001	4.63577082e-001	
4.21248905e-001	5.17196265e-001	
5.26561131e-001	5.77257167e-001	
6.31873358e-001	6.56006745e-001	
7.37185584e-001	7.61725903e-001	
8.42497810e-001	7.89174912e-001	
9.47810036e-001	7.98028304e-001	
1.05312226e+000	8.11980588e-001	
1.15843449e+000	8.45194637e-001	
1.26374672e+000	8.99964772e-001	
1.36905894e+000	9.55143342e-001	
1.47437117e+000	9.86922663e-001	
1.57968339e+000	1.00818538e+000	
1.68499562e+000	9.95591119e-001	
1.79030785e+000	1.00628980e+000	
1.89562007e+000	1.02742437e+000	
2.00093230e+000	1.04752898e+000	
2.10624453e+000	1.04677537e+000	
2.21155675e+000	1.04604484e+000	
2.31686898e+000	1.04956981e+000	
2.42218120e+000	1.08625674e+000	
2.52749343e+000	1.12295686e+000	
2.63280566e+000	1.17792134e+000	
2.73811788e+000	1.23992992e+000	
2.84343011e+000	1.25064561e+000	
2.94874234e+000	1.23930581e+000	
3.05405456e+000	1.25945664e+000	
3.15936679e+000	1.12292530e+000	
3.26467901e+000	1.04635932e+000	
3.36999124e+000	1.01988994e+000	
3.47530347e+000	9.76186142e-001	
3.58061569e+000	8.97085290e-001	
3.68592792e+000	8.18200529e-001	
3.79124015e+000	7.78471863e-001	
3.89655237e+000	7.43660032e-001	
4.00186460e+000	7.10689268e-001	
4.10717682e+000	6.79827492e-001	
4.21248905e+000	6.51374542e-001	
4.31780128e+000	6.29854362e-001	
4.42311350e+000	6.27498459e-001	
4.52842573e+000	6.39481077e-001	
4.63373796e+000	6.62370054e-001	
4.73905018e+000	6.88229941e-001	
4.84436241e+000	7.16739239e-001	
4.94967463e+000	7.47594906e-001	
5.05498686e+000	7.83420927e-001	
5.16029909e+000	8.54618513e-001	
5.26561131e+000	9.26760789e-001	
5.37092354e+000	9.83835712e-001	
5.47623577e+000	1.01740862e+000	
5.58154799e+000	1.07506497e+000	
5.68686022e+000	1.19996932e+000	
5.79217244e+000	1.20156087e+000	
5.89748467e+000	1.22616923e+000	
6.00279690e+000	1.16389956e+000	
6.10810912e+000	1.08395031e+000	
6.21342135e+000	9.95583054e-001	
6.31873358e+000	9.00587399e-001	
6.42404580e+000	8.07090729e-001	
6.52935803e+000	7.57085146e-001	
6.63467025e+000	7.41715958e-001	
6.73998248e+000	7.26680603e-001	
6.84529471e+000	6.57101229e-001	
6.95060693e+000	5.62835521e-001	
7.05591916e+000	4.76988593e-001	
7.16123139e+000	4.04800258e-001	
7.26654361e+000	3.15856264e-001	
7.37185584e+000	2.30658551e-001	
7.47716806e+000	2.09244133e-001	
7.58248029e+000	2.23085258e-001	
7.68779252e+000	2.64806125e-001	
7.79310474e+000	3.38182745e-001	
7.89841697e+000	4.36605379e-001	
8.00372920e+000	5.24773937e-001	
8.10904142e+000	6.13326243e-001	
8.21435365e+000	7.12655490e-001	
8.31966587e+000	7.79181207e-001	
8.42497810e+000	7.93399343e-001	
8.53029033e+000	7.84847128e-001	
8.63560255e+000	8.08061759e-001	
8.74091478e+000	9.05074762e-001	
8.84622701e+000	9.85143279e-001	
8.95153923e+000	1.02926885e+000	
9.05685146e+000	1.05337488e+000	
9.16216368e+000	1.07755092e+000	
9.26747591e+000	1.10179236e+000	
9.37278814e+000	1.11190232e+000	
9.47810036e+000	1.09712948e+000	
9.58341259e+000	1.08887494e+000	
9.68872482e+000	1.08075733e+000	
9.79403704e+000	1.07255205e+000	
9.89934927e+000	1.06308074e+000	
1.00046615e+001	1.05361257e+000	
1.01099737e+001	1.04414763e+000	
1.02152859e+001	1.03959997e+000	
1.03205982e+001	1.04261417e+000	
1.04259104e+001	1.04562885e+000	
1.05312226e+001	1.04415442e+000	
1.06365349e+001	1.04210470e+000	
1.07418471e+001	1.04017996e+000	
1.08471593e+001	1.03838088e+000	
1.09524715e+001	1.03670813e+000	
1.10577838e+001	1.03516231e+000	
1.11630960e+001	1.05782421e+000	
1.12684082e+001	1.08526137e+000	
1.13737204e+001	1.13247332e+000	
1.14790327e+001	1.19700195e+000	
1.15843449e+001	1.22509341e+000	
1.16896571e+001	1.21693100e+000	
1.17949693e+001	1.21923641e+000	
1.19002816e+001	1.11914680e+000	
1.20055938e+001	1.02264293e+000	
1.21109060e+001	9.65659536e-001	
1.22162182e+001	9.09015204e-001	
1.23215305e+001	8.54398683e-001	
1.24268427e+001	8.17473089e-001	
1.25321549e+001	7.66432710e-001	
1.26374672e+001	7.17832416e-001	
1.27427794e+001	6.72201669e-001	
1.28480916e+001	6.44102123e-001	
1.29534038e+001	6.34218646e-001	
1.30587161e+001	6.37364444e-001	
1.31640283e+001	6.45349152e-001	
1.32693405e+001	6.57263570e-001	
1.33746527e+001	6.73565904e-001	
1.34799650e+001	7.02018158e-001	
1.35852772e+001	7.43246824e-001	
1.36905894e+001	7.60284617e-001	
1.37959016e+001	7.37769466e-001	
1.39012139e+001	7.02761103e-001	
1.40065261e+001	7.14167404e-001	
1.41118383e+001	7.65495880e-001	
1.42171505e+001	8.19037555e-001	
1.43224628e+001	9.22731891e-001	
1.44277750e+001	8.69856835e-001	
1.45330872e+001	8.24527568e-001	
1.46383995e+001	6.38868354e-001	
1.47437117e+001	5.20618861e-001	
1.48490239e+001	4.39630778e-001	
1.49543361e+001	3.59239643e-001	
1.50596484e+001	2.94522324e-001	
1.51649606e+001	2.59311386e-001	
1.52702728e+001	2.77798590e-001	
1.53755850e+001	3.53319216e-001	
1.54808973e+001	4.25504669e-001	
1.55862095e+001	4.96063825e-001	
1.56915217e+001	5.83559867e-001	
1.57968339e+001	6.62349285e-001	
1.59021462e+001	6.79535196e-001	
1.60074584e+001	6.85629088e-001	
1.61127706e+001	7.20140311e-001	
1.62180828e+001	8.24057673e-001	
1.63233951e+001	8.69742254e-001	
1.64287073e+001	9.12521820e-001	
1.65340195e+001	9.52882675e-001	
1.66393317e+001	9.89842872e-001	
1.67446440e+001	1.00877995e+000	
1.68499562e+001	1.00674165e+000	
1.69552684e+001	1.01937655e+000	
1.70605807e+001	1.03203981e+000	
1.71658929e+001	1.04473043e+000	
1.72712051e+001	1.05513052e+000	
1.73765173e+001	1.05227616e+000	
1.74818296e+001	1.04942201e+000	
1.75871418e+001	1.04667704e+000	
1.76924540e+001	1.04410162e+000	
1.77977662e+001	1.04152861e+000	
1.79030785e+001	1.03895800e+000	
1.80083907e+001	1.03638984e+000	
1.81137029e+001	1.03382412e+000	
1.82190151e+001	1.03099363e+000	
1.83243274e+001	1.02778651e+000	
1.84296396e+001	1.02459033e+000	
1.85349518e+001	1.02140889e+000	
1.86402640e+001	1.01823887e+000	
1.87455763e+001	1.01508037e+000	
1.88508885e+001	1.01193351e+000	
1.89562007e+001	1.01055885e+000	
1.90615130e+001	1.01555284e+000	
1.91668252e+001	1.02054977e+000	
1.92721374e+001	1.02360753e+000	
1.93774496e+001	1.02619043e+000	
1.94827619e+001	1.02886061e+000	
1.95880741e+001	1.03161806e+000	
1.96933863e+001	1.03446210e+000	
1.97986985e+001	1.03739201e+000	
1.99040108e+001	1.05134085e+000	
2.00093230e+001	1.07056409e+000	
2.01146352e+001	1.08729003e+000	
2.02199474e+001	1.09855517e+000	
2.03252597e+001	1.11008918e+000	
2.04305719e+001	1.12176469e+000	
2.05358841e+001	1.17773616e+000	
2.06411963e+001	1.08237543e+000	
2.07465086e+001	1.03185660e+000	
2.08518208e+001	8.81154637e-001	
2.09571330e+001	7.32885126e-001	
2.10624453e+001	6.80248942e-001	
2.11677575e+001	6.30031639e-001	
2.12730697e+001	5.77594447e-001	
2.13783819e+001	5.27177618e-001	
2.14836942e+001	5.02710852e-001	
2.15890064e+001	5.17722493e-001	
2.16943186e+001	5.39671352e-001	
2.17996308e+001	5.59810306e-001	
2.19049431e+001	5.36015365e-001	
2.20102553e+001	4.91133204e-001	
2.21155675e+001	4.54688222e-001	
2.22208797e+001	4.28844494e-001	
2.23261920e+001	4.15584512e-001	
2.24315042e+001	3.87823722e-001	
2.25368164e+001	3.52686294e-001	
2.26421286e+001	3.25316006e-001	
2.27474409e+001	3.31852587e-001	
2.28527531e+001	3.67144949e-001	
2.29580653e+001	4.13769786e-001	
2.30633776e+001	4.73247325e-001	
2.31686898e+001	5.19363753e-001	
2.32740020e+001	5.75664849e-001	
2.33793142e+001	6.12067669e-001	
2.34846265e+001	6.39228473e-001	
2.35899387e+001	6.82970939e-001	
2.36952509e+001	7.52869413e-001	
2.38005631e+001	8.22901751e-001	
2.39058754e+001	8.63845976e-001	
2.40111876e+001	9.02809562e-001	
2.41164998e+001	9.47997325e-001	
2.42218120e+001	9.75019850e-001	
2.43271243e+001	9.70893393e-001	
2.44324365e+001	9.84158554e-001	
2.45377487e+001	9.98639450e-001	
2.46430609e+001	1.00771582e+000	
2.47483732e+001	1.00540546e+000	
2.48536854e+001	1.00311092e+000	
2.49589976e+001	1.00229814e+000	
2.50643099e+001	1.00392454e+000	
2.51696221e+001	1.00555107e+000	
2.52749343e+001	1.00717776e+000	
2.53802465e+001	1.00880458e+000	
2.54855588e+001	1.01039031e+000	
2.55908710e+001	1.01193404e+000	
2.56961832e+001	1.01347794e+000	
2.58014954e+001	1.01202234e+000	
2.59068077e+001	1.01044736e+000	
2.60121199e+001	1.00887446e+000	
2.61174321e+001	1.00730366e+000	
2.62227443e+001	1.00573496e+000	
2.63280566e+001	1.00477592e+000	
2.64333688e+001	1.00685635e+000	
2.65386810e+001	1.00893816e+000	
2.66439932e+001	1.01102133e+000	
2.67493055e+001	1.01310587e+000	
2.68546177e+001	1.01519177e+000	
2.69599299e+001	1.01615108e+000	
2.70652421e+001	1.01520875e+000	
2.71705544e+001	1.01426665e+000	
2.72758666e+001	1.01325784e+000	
2.73811788e+001	1.01223636e+000	
2.74864911e+001	1.01121508e+000	
2.75918033e+001	1.01019398e+000	
2.76971155e+001	1.00917308e+000	
2.78024277e+001	1.01183790e+000	
2.79077400e+001	1.01468179e+000	
2.80130522e+001	1.01728014e+000	
2.81183644e+001	1.00327666e+000	
2.82236766e+001	9.89265423e-001	
2.83289889e+001	9.82307421e-001	
2.84343011e+001	9.88314142e-001	
2.85396133e+001	9.48071992e-001	
2.86449255e+001	9.07789459e-001	
2.87502378e+001	8.69992692e-001	
2.88555500e+001	8.04816151e-001	
2.89608622e+001	7.06155612e-001	
2.90661744e+001	6.47722644e-001	
2.91714867e+001	6.48974836e-001	
2.92767989e+001	6.25729197e-001	
2.93821111e+001	5.63508333e-001	
2.94874234e+001	5.15027179e-001	
2.95927356e+001	4.37970706e-001	
2.96980478e+001	3.87253370e-001	
2.98033600e+001	3.68840132e-001	
2.99086723e+001	3.66270465e-001	
3.00139845e+001	3.70687301e-001	
3.01192967e+001	3.82395896e-001	
3.02246089e+001	3.98714076e-001	
3.03299212e+001	4.21084748e-001	
3.04352334e+001	4.48603359e-001	
3.05405456e+001	4.57845009e-001	
3.06458578e+001	4.87232935e-001	
3.07511701e+001	5.33689955e-001	
3.08564823e+001	5.50513164e-001	
3.09617945e+001	5.25564215e-001	
3.10671067e+001	5.03487158e-001	
3.11724190e+001	4.97113560e-001	
3.12777312e+001	5.65803335e-001	
3.13830434e+001	6.28060631e-001	
3.14883557e+001	6.91461931e-001	
3.15936679e+001	7.55924206e-001	
3.16989801e+001	8.36987393e-001	
3.18042923e+001	9.55854040e-001	
3.19096046e+001	1.07424715e+000	
3.20149168e+001	1.15895139e+000	
3.21202290e+001	1.19704591e+000	
3.22255412e+001	1.17878440e+000	
3.23308535e+001	1.14664995e+000	
3.24361657e+001	1.11533365e+000	
3.25414779e+001	1.08525274e+000	
3.26467901e+001	1.06406997e+000	
3.27521024e+001	1.04288755e+000	
3.28574146e+001	1.03438496e+000	
3.29627268e+001	1.03259345e+000	
3.30680390e+001	1.03089745e+000	
3.31733513e+001	1.02929742e+000	
3.32786635e+001	1.02779383e+000	
3.33839757e+001	1.02635175e+000	
3.34892880e+001	1.02392464e+000	
3.35946002e+001	1.02067554e+000	
3.36999124e+001	1.01841843e+000	
3.38052246e+001	1.02367413e+000	
3.39105369e+001	1.02895351e+000	
3.40158491e+001	1.03425622e+000	
3.41211613e+001	1.03958190e+000	
3.42264735e+001	1.04492185e+000	
3.43317858e+001	1.05025302e+000	
3.44370980e+001	1.05560477e+000	
3.45424102e+001	1.05945839e+000	
3.46477224e+001	1.06319055e+000	
3.47530347e+001	1.06692654e+000	
3.48583469e+001	1.07066633e+000	
3.49636591e+001	1.07440988e+000	
3.50689713e+001	1.07815715e+000	
3.51742836e+001	1.08032905e+000	
3.52795958e+001	1.08241335e+000	
3.53849080e+001	1.08169782e+000	
3.54902203e+001	1.06863228e+000	
3.55955325e+001	1.05559238e+000	
3.57008447e+001	1.04257909e+000	
3.58061569e+001	1.03394629e+000	
3.59114692e+001	1.03736163e+000	
3.60167814e+001	1.00380501e+000	
3.61220936e+001	9.66624099e-001	
3.62274058e+001	9.24002937e-001	
3.63327181e+001	8.81352207e-001	
3.64380303e+001	8.14205701e-001	
3.65433425e+001	7.15818152e-001	
3.66486547e+001	7.08638193e-001	
3.67539670e+001	7.03086264e-001	
3.68592792e+001	6.65257405e-001	
3.69645914e+001	5.78091473e-001	
3.70699036e+001	4.93665421e-001	
3.71752159e+001	4.26133421e-001	
3.72805281e+001	3.61274157e-001	
3.73858403e+001	3.09492831e-001	
3.74911525e+001	2.80515130e-001	
3.75964648e+001	2.81193206e-001	
3.77017770e+001	3.41556972e-001	
3.78070892e+001	4.40617723e-001	
3.79124015e+001	5.51280265e-001	
3.80177137e+001	6.54640418e-001	
3.81230259e+001	7.99930320e-001	
3.82283381e+001	8.65518560e-001	
3.83336504e+001	8.40264194e-001	
3.84389626e+001	7.63308409e-001	
3.85442748e+001	7.06312833e-001	
3.86495870e+001	6.57315063e-001	
3.87548993e+001	6.71823383e-001	
3.88602115e+001	7.12457050e-001	
3.89655237e+001	7.30077239e-001	
3.90708359e+001	7.24470254e-001	
3.91761482e+001	6.87240954e-001	
3.92814604e+001	6.61459161e-001	
3.93867726e+001	6.51461643e-001	
3.94920848e+001	6.45093421e-001	
3.95973971e+001	6.42157615e-001	
3.97027093e+001	6.50915249e-001	
3.98080215e+001	6.71705075e-001	
3.99133338e+001	6.97546269e-001	
4.00186460e+001	7.36591103e-001	
4.01239582e+001	7.85207579e-001	
4.02292704e+001	8.36835178e-001	
4.03345827e+001	8.90388579e-001	
4.04398949e+001	9.41763757e-001	
4.05452071e+001	9.93352682e-001	
4.06505193e+001	1.13033522e+000	
4.07558316e+001	1.19936429e+000	
4.08611438e+001	1.26630615e+000	
4.09664560e+001	1.26312214e+000	
4.10717682e+001	1.23512515e+000	
4.11770805e+001	1.20912824e+000	
4.12823927e+001	1.11777694e+000	
4.13877049e+001	1.07796765e+000	
4.14930171e+001	1.05174474e+000	
4.15983294e+001	1.03978856e+000	
4.17036416e+001	1.04225388e+000	
4.18089538e+001	1.04483455e+000	
4.19142661e+001	1.04752972e+000	
4.20195783e+001	1.05033850e+000	
4.21248905e+001	1.05324081e+000	
4.22302027e+001	1.05349145e+000	
4.23355150e+001	1.05050542e+000	
4.24408272e+001	1.04751999e+000	
4.25461394e+001	1.05599772e+000	
4.26514516e+001	1.06521867e+000	
4.27567639e+001	1.07444354e+000	
4.28620761e+001	1.08315595e+000	
4.29673883e+001	1.09070338e+000	
4.30727005e+001	1.09816673e+000	
4.31780128e+001	1.10829307e+000	
4.32833250e+001	1.12428192e+000	
4.33886372e+001	1.10018493e+000	
4.34939494e+001	1.07527237e+000	
4.35992617e+001	1.05036465e+000	
4.37045739e+001	1.02394225e+000	
4.38098861e+001	9.78778989e-001	
4.39151984e+001	8.70740527e-001	
4.40205106e+001	8.01990647e-001	
4.41258228e+001	7.79858954e-001	
4.42311350e+001	7.61739473e-001	
4.43364473e+001	7.22275782e-001	
4.44417595e+001	6.75226786e-001	
4.45470717e+001	5.78891779e-001	
4.46523839e+001	4.75654285e-001	
4.47576962e+001	3.86619794e-001	
4.48630084e+001	3.00352912e-001	
4.49683206e+001	2.47407244e-001	
4.50736328e+001	2.21197966e-001	
4.51789451e+001	2.27928525e-001	
4.52842573e+001	2.78549183e-001	
4.53895695e+001	3.65443134e-001	
4.54948817e+001	4.44855406e-001	
4.56001940e+001	5.20743332e-001	
4.57055062e+001	6.07664000e-001	
4.58108184e+001	6.96072106e-001	
4.59161306e+001	7.43253383e-001	
4.60214429e+001	7.58023894e-001	
4.61267551e+001	7.73113635e-001	
4.62320673e+001	8.54548117e-001	
4.63373796e+001	9.54593773e-001	
4.64426918e+001	1.05660989e+000	
4.65480040e+001	1.13779221e+000	
4.66533162e+001	1.16416303e+000	
4.67586285e+001	1.19055268e+000	
4.68639407e+001	1.28761617e+000	
4.69692529e+001	1.17572790e+000	
4.70745651e+001	1.12033749e+000	
4.71798774e+001	1.03407719e+000	
4.72851896e+001	9.07599451e-001	
4.73905018e+001	8.38089109e-001	
4.74958140e+001	8.01771850e-001	
4.76011263e+001	7.71570561e-001	
4.77064385e+001	7.43260198e-001	
4.78117507e+001	7.31673340e-001	
4.79170629e+001	7.21591834e-001	
4.80223752e+001	7.13079528e-001	
4.81276874e+001	7.06193170e-001	
4.82329996e+001	7.00980681e-001	
4.83383119e+001	6.96687464e-001	
4.84436241e+001	6.92562625e-001	
4.85489363e+001	6.91139858e-001	
4.86542485e+001	6.92910185e-001	
4.87595608e+001	7.10118658e-001	
4.88648730e+001	7.47132654e-001	
4.89701852e+001	7.87427134e-001	
4.90754974e+001	8.30524757e-001	
4.91808097e+001	8.84531027e-001	
4.92861219e+001	9.38929558e-001	
4.93914341e+001	1.05518055e+000	
4.94967463e+001	1.13382330e+000	
4.96020586e+001	1.23058994e+000	
4.97073708e+001	1.24183041e+000	
4.98126830e+001	1.21652820e+000	
4.99179952e+001	1.19378260e+000	
5.00233075e+001	1.12397885e+000	
5.01286197e+001	1.07345135e+000	
5.02339319e+001	1.04383991e+000	
5.03392442e+001	1.02108877e+000	
5.04445564e+001	1.02251747e+000	
5.05498686e+001	1.02397666e+000	
5.06551808e+001	1.01835909e+000	
5.07604931e+001	9.94414242e-001	
5.08658053e+001	9.70621418e-001	
5.09711175e+001	9.67897263e-001	
5.10764297e+001	9.69893310e-001	
5.11817420e+001	9.40490082e-001	
5.12870542e+001	8.94996183e-001	
5.13923664e+001	8.35783000e-001	
5.14976786e+001	7.76967011e-001	
5.16029909e+001	7.41483165e-001	
5.17083031e+001	7.28236630e-001	
5.18136153e+001	7.14569604e-001	
5.19189275e+001	6.48414033e-001	
5.20242398e+001	5.46885255e-001	
5.21295520e+001	4.82432755e-001	
5.22348642e+001	4.30474827e-001	
5.23401765e+001	3.89897999e-001	
5.24454887e+001	3.53739666e-001	
5.25508009e+001	2.89006956e-001	
5.26561131e+001	2.83567614e-001	
5.27614254e+001	3.65920560e-001	
5.28667376e+001	4.31988888e-001	
5.29720498e+001	4.79430971e-001	
5.30773620e+001	5.34919388e-001	
5.31826743e+001	5.96211778e-001	
5.32879865e+001	6.87851325e-001	
5.33932987e+001	7.81963828e-001	
5.34986109e+001	7.91406672e-001	
5.36039232e+001	8.00271165e-001	
5.37092354e+001	8.20962059e-001	
5.38145476e+001	8.62710853e-001	
5.39198598e+001	9.17567729e-001	
5.40251721e+001	9.69297580e-001	
5.41304843e+001	9.94523616e-001	
5.42357965e+001	1.00241334e+000	
5.43411088e+001	9.90885685e-001	
5.44464210e+001	1.01159540e+000	
5.45517332e+001	1.03240972e+000	
5.46570454e+001	1.04472237e+000	
5.47623577e+001	1.04339561e+000	
5.48676699e+001	1.04206895e+000	
5.49729821e+001	1.05896947e+000	
5.50782943e+001	1.09846432e+000	
5.51836066e+001	1.13853966e+000	
5.52889188e+001	1.18590282e+000	
5.53942310e+001	1.23460772e+000	
5.54995432e+001	1.25502703e+000	
5.56048555e+001	1.24483075e+000	
5.57101677e+001	1.25132658e+000	
5.58154799e+001	1.12636967e+000	
5.59207921e+001	1.01089317e+000	
5.60261044e+001	9.79495627e-001	
5.61314166e+001	9.14359981e-001	
5.62367288e+001	8.48806316e-001	
5.63420410e+001	7.98229123e-001	
5.64473533e+001	7.62482617e-001	
5.65526655e+001	7.28670822e-001	
5.66579777e+001	6.97075326e-001	
5.67632900e+001	6.68282617e-001	
5.68686022e+001	6.62885281e-001	
5.69739144e+001	6.59560540e-001	
5.70792266e+001	6.57531361e-001	
5.71845389e+001	6.57263720e-001	
5.72898511e+001	6.72953234e-001	
5.73951633e+001	7.04646539e-001	
5.75004755e+001	7.39203111e-001	
5.76057878e+001	7.76240644e-001	
5.77111000e+001	8.15421144e-001	
5.78164122e+001	8.56450553e-001	
5.79217244e+001	9.04149128e-001	
5.80270367e+001	9.54432095e-001	
5.81323489e+001	1.06067258e+000	
5.82376611e+001	1.13871565e+000	
5.83429733e+001	1.22925157e+000	
5.84482856e+001	1.24206120e+000	
5.85535978e+001	1.19168049e+000	
5.86589100e+001	1.14928559e+000	
5.87642223e+001	1.08231633e+000	
5.88695345e+001	9.74139613e-001	
5.89748467e+001	8.73886988e-001	
5.90801589e+001	7.81985379e-001	
5.91854712e+001	7.49722640e-001	
5.92907834e+001	7.34162220e-001	
5.93960956e+001	7.05850268e-001	
5.95014078e+001	6.22075831e-001	
5.96067201e+001	5.30011616e-001	
5.97120323e+001	4.47867228e-001	
5.98173445e+001	3.74204054e-001	
5.99226567e+001	2.84536568e-001	
6.00279690e+001	2.17336844e-001	
6.01332812e+001	2.09104892e-001	
6.02385934e+001	2.33366871e-001	
6.03439056e+001	2.81852842e-001	
6.04492179e+001	3.68993477e-001	
6.05545301e+001	4.66880710e-001	
6.06598423e+001	5.50288473e-001	
6.07651546e+001	6.43864319e-001	
6.08704668e+001	7.37004735e-001	
6.09757790e+001	7.98498900e-001	
6.10810912e+001	7.92337659e-001	
6.11864035e+001	7.86880085e-001	
6.12917157e+001	8.33887527e-001	
6.13970279e+001	9.30657758e-001	
6.15023401e+001	9.97834235e-001	
6.16076524e+001	1.03447022e+000	
6.17129646e+001	1.05854785e+000	
6.18182768e+001	1.08269807e+000	
6.19235890e+001	1.10691615e+000	
6.20289013e+001	1.10443580e+000	
6.21342135e+001	1.09264512e+000	
6.22395257e+001	1.08488049e+000	
6.23448379e+001	1.07705299e+000	
6.24501502e+001	1.06869170e+000	
6.25554624e+001	1.05942455e+000	
6.26607746e+001	1.05016032e+000	
6.27660869e+001	1.04089911e+000	
6.28713991e+001	1.04033961e+000	
6.29767113e+001	1.04304286e+000	
6.30820235e+001	1.04462136e+000	
6.31873358e+001	1.04205317e+000	
6.32926480e+001	1.03950039e+000	
6.33979602e+001	1.03701053e+000	
6.35032724e+001	1.03458406e+000	
6.36085847e+001	1.03222141e+000	
6.37138969e+001	1.03535669e+000	
6.38192091e+001	1.06513210e+000	
6.39245213e+001	1.09490752e+000	
6.40298336e+001	1.14219702e+000	
6.41351458e+001	1.19301316e+000	
6.42404580e+001	1.23054826e+000	
6.43457702e+001	1.22406849e+000	
6.44510825e+001	1.22749771e+000	
6.45563947e+001	1.14638882e+000	
6.46617069e+001	1.00001133e+000	
6.47670192e+001	9.78422707e-001	
6.48723314e+001	9.06168968e-001	
6.49776436e+001	8.32470590e-001	
6.50829558e+001	7.69058784e-001	
6.51882681e+001	7.39602188e-001	
6.52935803e+001	7.16865928e-001	
6.53988925e+001	6.97663714e-001	
6.55042047e+001	6.82293994e-001	
6.56095170e+001	6.71020170e-001	
6.57148292e+001	6.64050886e-001	
6.58201414e+001	6.62989231e-001	
6.59254536e+001	6.67184036e-001	
6.60307659e+001	6.73683285e-001	
6.61360781e+001	7.04828675e-001	
6.62413903e+001	7.44570634e-001	
6.63467025e+001	7.52218362e-001	
6.64520148e+001	7.17626268e-001	
6.65573270e+001	6.83712458e-001	
6.66626392e+001	7.28496162e-001	
6.67679514e+001	7.82481676e-001	
6.68732637e+001	8.36134458e-001	
6.69785759e+001	8.89040330e-001	
6.70838881e+001	8.64187567e-001	
6.71892004e+001	7.21443731e-001	
6.72945126e+001	5.92773676e-001	
6.73998248e+001	4.97131356e-001	
6.75051370e+001	3.78646605e-001	
6.76104493e+001	2.76989042e-001	
6.77157615e+001	2.60677456e-001	
6.78210737e+001	2.80979239e-001	
6.79263859e+001	3.25617448e-001	
6.80316982e+001	3.87356722e-001	
6.81370104e+001	4.49291001e-001	
6.82423226e+001	5.26927662e-001	
6.83476348e+001	6.18695168e-001	
6.84529471e+001	6.79605448e-001	
6.85582593e+001	6.84509564e-001	
6.86635715e+001	6.91129804e-001	
6.87688837e+001	7.50411995e-001	
6.88741960e+001	8.36110330e-001	
6.89795082e+001	8.78436358e-001	
6.90848204e+001	9.21184157e-001	
6.91901327e+001	9.61114285e-001	
6.92954449e+001	1.00077765e+000	
6.94007571e+001	1.00738458e+000	
6.95060693e+001	1.01146149e+000	
6.96113816e+001	1.02406938e+000	
6.97166938e+001	1.03670740e+000	
6.98220060e+001	1.04937448e+000	
6.99273182e+001	1.05476033e+000	
7.00326305e+001	1.05229890e+000	
7.01379427e+001	1.04983769e+000	
7.02432549e+001	1.04671491e+000	
7.03485671e+001	1.04333578e+000	
7.04538794e+001	1.03995924e+000	
7.05591916e+001	1.03658530e+000	
7.06645038e+001	1.03321399e+000	
7.07698160e+001	1.02984533e+000	
7.08751283e+001	1.02592693e+000	
7.09804405e+001	1.02182712e+000	
7.10857527e+001	1.01773497e+000	
7.11910650e+001	1.01365047e+000	
7.12963772e+001	1.00957743e+000	
7.14016894e+001	1.00551601e+000	
7.15070016e+001	1.00146632e+000	
7.16123139e+001	1.00209805e+000	
7.17176261e+001	1.00655787e+000	
7.18229383e+001	1.01083027e+000	
7.19282505e+001	1.01359701e+000	
7.20335628e+001	1.01640528e+000	
7.21388750e+001	1.01928821e+000	
7.22441872e+001	1.02224517e+000	
7.23494994e+001	1.02527552e+000	
7.24548117e+001	1.02853502e+000	
7.25601239e+001	1.04716917e+000	
7.26654361e+001	1.06581516e+000	
7.27707483e+001	1.10037290e+000	
7.28760606e+001	1.14403659e+000	
7.29813728e+001	1.15520319e+000	
7.30866850e+001	1.13907540e+000	
7.31919973e+001	1.14372475e+000	
7.32973095e+001	1.01837574e+000	
7.34026217e+001	9.26873037e-001	
7.35079339e+001	8.70871569e-001	
7.36132462e+001	7.68947667e-001	
7.37185584e+001	6.81558401e-001	
7.38238706e+001	6.31174300e-001	
7.39291828e+001	5.74206278e-001	
7.40344951e+001	5.22105516e-001	
7.41398073e+001	5.00422085e-001	
7.42451195e+001	5.23219034e-001	
7.43504317e+001	5.48663130e-001	
7.44557440e+001	5.46892267e-001	
7.45610562e+001	5.12911551e-001	
7.46663684e+001	4.80422703e-001	
7.47716806e+001	4.47114295e-001	
7.48769929e+001	4.23858145e-001	
7.49823051e+001	4.12358556e-001	
7.50876173e+001	4.13597324e-001	
7.51929296e+001	3.93198561e-001	
7.52982418e+001	3.83705195e-001	
7.54035540e+001	3.80199078e-001	
7.55088662e+001	3.82267398e-001	
7.56141785e+001	4.05086726e-001	
7.57194907e+001	4.75418265e-001	
7.58248029e+001	5.43187067e-001	
7.59301151e+001	6.05168813e-001	
7.60354274e+001	6.21198662e-001	
7.61407396e+001	6.25406616e-001	
7.62460518e+001	6.66574503e-001	
7.63513640e+001	7.60848667e-001	
7.64566763e+001	8.44769584e-001	
7.65619885e+001	8.83599464e-001	
7.66673007e+001	9.23048601e-001	
7.67726129e+001	9.63851532e-001	
7.68779252e+001	9.71525367e-001	
7.69832374e+001	9.71987498e-001	
7.70885496e+001	9.86425440e-001	
7.71938618e+001	1.00096385e+000	
7.72991741e+001	1.00437335e+000	
7.74044863e+001	1.00191220e+000	
7.75097985e+001	9.99466288e-001	
7.76151108e+001	1.00006532e+000	
7.77204230e+001	1.00190893e+000	
7.78257352e+001	1.00375261e+000	
7.79310474e+001	1.00559638e+000	
7.80363597e+001	1.00744024e+000	
7.81416719e+001	1.00921801e+000	
7.82469841e+001	1.01098211e+000	
7.83522963e+001	1.01186451e+000	
7.84576086e+001	1.01063534e+000	
7.85629208e+001	1.00940856e+000	
7.86682330e+001	1.00818418e+000	
7.87735452e+001	1.00696222e+000	
7.88788575e+001	1.00574267e+000	
7.89841697e+001	1.00614662e+000	
7.90894819e+001	1.00817313e+000	
7.91947941e+001	1.01020082e+000	
7.93001064e+001	1.01222968e+000	
7.94054186e+001	1.01425972e+000	
7.95107308e+001	1.01629090e+000	
7.96160431e+001	1.01616567e+000	
7.97213553e+001	1.01514050e+000	
7.98266675e+001	1.01410130e+000	
7.99319797e+001	1.01299354e+000	
8.00372920e+001	1.01188603e+000	
8.01426042e+001	1.01077875e+000	
8.02479164e+001	1.00967172e+000	
8.03532286e+001	1.00958225e+000	
8.04585409e+001	1.01198459e+000	
8.05638531e+001	1.01440348e+000	
8.06691653e+001	1.01100887e+000	
8.07744775e+001	9.96588109e-001	
8.08797898e+001	9.82257848e-001	
8.09851020e+001	9.81799673e-001	
8.10904142e+001	9.73909001e-001	
8.11957264e+001	9.32623783e-001	
8.13010387e+001	8.93184432e-001	
8.14063509e+001	8.55004468e-001	
8.15116631e+001	7.71911580e-001	
8.16169754e+001	6.78751435e-001	
8.17222876e+001	6.39570414e-001	
8.18275998e+001	6.34190708e-001	
8.19329120e+001	6.17881226e-001	
8.20382243e+001	5.47729051e-001	
8.21435365e+001	4.72615144e-001	
8.22488487e+001	3.95024335e-001	
8.23541609e+001	3.66036338e-001	
8.24594732e+001	3.59074665e-001	
8.25647854e+001	3.59535037e-001	
8.26700976e+001	3.67842669e-001	
8.27754098e+001	3.89046614e-001	
8.28807221e+001	3.89037403e-001	
8.29860343e+001	4.02678741e-001	
8.30913465e+001	4.28669421e-001	
8.31966587e+001	4.64943019e-001	
8.33019710e+001	4.99169008e-001	
8.34072832e+001	5.34490502e-001	
8.35125954e+001	5.39796633e-001	
8.36179077e+001	5.16296636e-001	
8.37232199e+001	4.96032931e-001	
8.38285321e+001	5.15318582e-001	
8.39338443e+001	5.67978057e-001	
8.40391566e+001	6.26288089e-001	
8.41444688e+001	7.09433947e-001	
8.42497810e+001	7.99166892e-001	
8.43550932e+001	8.75562145e-001	
8.44604055e+001	9.31583269e-001	
8.45657177e+001	1.02954779e+000	
8.46710299e+001	1.15469682e+000	
8.47763421e+001	1.15152517e+000	
8.48816544e+001	1.16839577e+000	
8.49869666e+001	1.15606781e+000	
8.50922788e+001	1.10905255e+000	
8.51975910e+001	1.07216117e+000	
8.53029033e+001	1.05292131e+000	
8.54082155e+001	1.03372765e+000	
8.55135277e+001	1.03186490e+000	
8.56188400e+001	1.03025961e+000	
8.57241522e+001	1.02873601e+000	
8.58294644e+001	1.02729446e+000	
8.59347766e+001	1.02593531e+000	
8.60400889e+001	1.02459613e+000	
8.61454011e+001	1.02187282e+000	
8.62507133e+001	1.01897152e+000	
8.63560255e+001	1.01978640e+000	
8.64613378e+001	1.02516092e+000	
8.65666500e+001	1.03055949e+000	
8.66719622e+001	1.03598174e+000	
8.67772744e+001	1.04142729e+000	
8.68825867e+001	1.04687348e+000	
8.69878989e+001	1.05232291e+000	
8.70932111e+001	1.05736103e+000	
8.71985233e+001	1.06115800e+000	
8.73038356e+001	1.06495873e+000	
8.74091478e+001	1.06876318e+000	
8.75144600e+001	1.07257131e+000	
8.76197722e+001	1.07638309e+000	
8.77250845e+001	1.07973649e+000	
8.78303967e+001	1.08190651e+000	
8.79357089e+001	1.08407694e+000	
8.80410212e+001	1.07837266e+000	
8.81463334e+001	1.06535936e+000	
8.82516456e+001	1.05237221e+000	
8.83569578e+001	1.03941218e+000	
8.84622701e+001	1.03590013e+000	
8.85675823e+001	1.03045660e+000	
8.86728945e+001	9.92672928e-001	
8.87782067e+001	9.54033417e-001	
8.88835190e+001	9.10950311e-001	
8.89888312e+001	8.68248342e-001	
8.90941434e+001	7.80412019e-001	
8.91994556e+001	7.14223968e-001	
8.93047679e+001	7.07344666e-001	
8.94100801e+001	7.02162663e-001	
8.95153923e+001	6.40646534e-001	
8.96207045e+001	5.48132663e-001	
8.97260168e+001	4.68436513e-001	
8.98313290e+001	3.98576159e-001	
8.99366412e+001	3.14284728e-001	
9.00419535e+001	2.59220378e-001	
9.01472657e+001	2.69016483e-001	
9.02525779e+001	3.13010386e-001	
9.03578901e+001	3.84793783e-001	
9.04632024e+001	4.62015837e-001	
9.05685146e+001	5.36857698e-001	
9.06738268e+001	7.21287708e-001	
9.07791390e+001	8.34440664e-001	
9.08844513e+001	8.48506972e-001	
9.09897635e+001	7.98002750e-001	
9.10950757e+001	7.45522490e-001	
9.12003879e+001	6.93047705e-001	
9.13057002e+001	6.58903104e-001	
9.14110124e+001	6.96846342e-001	
9.15163246e+001	7.34936536e-001	
9.16216368e+001	7.27894533e-001	
9.17269491e+001	7.01098280e-001	
9.18322613e+001	6.64432031e-001	
9.19375735e+001	6.52885118e-001	
9.20428858e+001	6.45892891e-001	
9.21481980e+001	6.42399117e-001	
9.22535102e+001	6.42623414e-001	
9.23588224e+001	6.58359818e-001	
9.24641347e+001	6.81585398e-001	
9.25694469e+001	7.10008609e-001	
9.26747591e+001	7.55649107e-001	
9.27800713e+001	8.05590424e-001	
9.28853836e+001	8.58277832e-001	
9.29906958e+001	9.11121124e-001	
9.30960080e+001	9.62355112e-001	
9.32013202e+001	1.03780630e+000	
9.33066325e+001	1.14570551e+000	
9.34119447e+001	1.23765001e+000	
9.35172569e+001	1.27137712e+000	
9.36225691e+001	1.25640754e+000	
9.37278814e+001	1.22904515e+000	
9.38331936e+001	1.18250764e+000	
9.39385058e+001	1.09779919e+000	
9.40438181e+001	1.07134214e+000	
9.41491303e+001	1.04500990e+000	
9.42544425e+001	1.04250528e+000	
9.43597547e+001	1.04495613e+000	
9.44650670e+001	1.04752233e+000	
9.45703792e+001	1.05020306e+000	
9.46756914e+001	1.05299743e+000	
9.47810036e+001	1.05586156e+000	
9.48863159e+001	1.05407280e+000	
9.49916281e+001	1.05101351e+000	
9.50969403e+001	1.05129464e+000	
9.52022525e+001	1.06048399e+000	
9.53075648e+001	1.06967726e+000	
9.54128770e+001	1.07887434e+000	
9.55181892e+001	1.08699546e+000	
9.56235014e+001	1.09448655e+000	
9.57288137e+001	1.10191289e+000	
9.58341259e+001	1.11467678e+000	
9.59394381e+001	1.11797617e+000	
9.60447504e+001	1.09286044e+000	
9.61500626e+001	1.06774903e+000	
9.62553748e+001	1.04264226e+000	
9.63606870e+001	1.00915335e+000	
9.64659993e+001	9.44879577e-001	
9.65713115e+001	8.34026735e-001	
9.66766237e+001	7.94013995e-001	
9.67819359e+001	7.71400351e-001	
9.68872482e+001	7.44351703e-001	
9.69925604e+001	7.09207049e-001	
9.70978726e+001	6.51046670e-001	
9.72031848e+001	5.38752074e-001	
9.73084971e+001	4.41339212e-001	
9.74138093e+001	3.55815098e-001	
9.75191215e+001	2.79110690e-001	
9.76244337e+001	2.35774833e-001	
9.77297460e+001	2.20001850e-001	
9.78350582e+001	2.37351856e-001	
9.79403704e+001	3.06483311e-001	
9.80456826e+001	3.95059642e-001	
9.81509949e+001	4.68279326e-001	
9.82563071e+001	5.50035005e-001	
9.83616193e+001	6.41774668e-001	
9.84669316e+001	7.25363321e-001	
9.85722438e+001	7.53790278e-001	
9.86775560e+001	7.69562782e-001	
9.87828682e+001	8.00656579e-001	
9.88881805e+001	8.92068299e-001	
9.89934927e+001	9.93565521e-001	
9.90988049e+001	1.09925249e+000	
9.92041171e+001	1.15548350e+000	
9.93094294e+001	1.18456237e+000	
9.94147416e+001	1.21365442e+000	
9.95200538e+001	1.24582397e+000	
9.96253660e+001	1.18809607e+000	
9.97306783e+001	1.11163125e+000	
9.98359905e+001	1.02075531e+000	
9.99413027e+001	8.98963354e-001	
1.00046615e+002	8.44203395e-001	
1.00151927e+002	8.03050946e-001	
1.00257239e+002	7.62671925e-001	
1.00362552e+002	7.32687231e-001	
1.00467864e+002	7.17751341e-001	
1.00573176e+002	7.05698315e-001	
1.00678488e+002	6.96677798e-001	
1.00783801e+002	6.91578243e-001	
1.00889113e+002	6.88851317e-001	
1.00994425e+002	6.87277284e-001	
1.01099737e+002	6.87480527e-001	
1.01205049e+002	6.89459476e-001	
1.01310362e+002	6.93198922e-001	
1.01415674e+002	7.17150096e-001	
1.01520986e+002	7.62596981e-001	
1.01626298e+002	8.10886312e-001	
1.01731611e+002	8.60589818e-001	
1.01836923e+002	9.08470055e-001	
1.01942235e+002	9.56739394e-001	
1.02047547e+002	1.08751744e+000	
1.02152859e+002	1.16723356e+000	
1.02258172e+002	1.23282624e+000	
1.02363484e+002	1.23136391e+000	
1.02468796e+002	1.20792364e+000	
1.02574108e+002	1.17895743e+000	
1.02679421e+002	1.09817933e+000	
1.02784733e+002	1.06486062e+000	
1.02890045e+002	1.03558369e+000	
1.02995357e+002	1.02332894e+000	
1.03100670e+002	1.02480585e+000	
1.03205982e+002	1.02631218e+000	
1.03311294e+002	1.01225478e+000	
1.03416606e+002	9.88416902e-001	
1.03521918e+002	9.64641256e-001	
1.03627231e+002	9.72979822e-001	
1.03732543e+002	9.61550627e-001	
1.03837855e+002	9.32519412e-001	
1.03943167e+002	8.76757030e-001	
1.04048480e+002	8.17804519e-001	
1.04153792e+002	7.66398896e-001	
1.04259104e+002	7.39223136e-001	
1.04364416e+002	7.26486627e-001	
1.04469728e+002	7.13109463e-001	
1.04575041e+002	6.17430717e-001	
1.04680353e+002	5.28418972e-001	
1.04785665e+002	4.69303654e-001	
1.04890977e+002	4.19020527e-001	
1.04996290e+002	3.81081958e-001	
1.05101602e+002	3.30925317e-001	
1.05206914e+002	2.75262687e-001	
1.05312226e+002	3.11254814e-001	
1.05417538e+002	3.96192930e-001	
1.05522851e+002	4.48249192e-001	
1.05628163e+002	4.99888635e-001	
1.05733475e+002	5.58622436e-001	
1.05838787e+002	6.26423177e-001	
1.05944100e+002	7.23924896e-001	
1.06049412e+002	7.82344600e-001	
1.06154724e+002	7.88641895e-001	
1.06260036e+002	7.97252177e-001	
1.06365349e+002	8.25853157e-001	
1.06470661e+002	8.79332130e-001	
1.06575973e+002	9.39810933e-001	
1.06681285e+002	9.83051762e-001	
1.06786597e+002	1.00565402e+000	
1.06891910e+002	9.99144265e-001	
1.06997222e+002	9.98194320e-001	
1.07102534e+002	1.01900446e+000	
1.07207846e+002	1.04001694e+000	
1.07313159e+002	1.04478998e+000	
1.07418471e+002	1.04325314e+000	
1.07523783e+002	1.04171630e+000	
1.07629095e+002	1.07232269e+000	
1.07734407e+002	1.11200848e+000	
1.07839720e+002	1.15478766e+000	
1.07945032e+002	1.20303404e+000	
1.08050344e+002	1.25248341e+000	
1.08155656e+002	1.25190269e+000	
1.08260969e+002	1.24713013e+000	
1.08366281e+002	1.23533670e+000	
1.08471593e+002	1.07471554e+000	
1.08576905e+002	1.00369868e+000	
1.08682218e+002	9.50297621e-001	
1.08787530e+002	8.68624281e-001	
1.08892842e+002	7.87493143e-001	
1.08998154e+002	7.56137918e-001	
1.09103466e+002	7.34642440e-001	
1.09208779e+002	7.15054210e-001	
1.09314091e+002	6.97533925e-001	
1.09419403e+002	6.85583467e-001	
1.09524715e+002	6.82076090e-001	
1.09630028e+002	6.80601684e-001	
1.09735340e+002	6.80238068e-001	
1.09840652e+002	6.81969766e-001	
1.09945964e+002	7.04702503e-001	
1.10051276e+002	7.33422866e-001	
1.10156589e+002	7.64495703e-001	
1.10261901e+002	7.97646135e-001	
1.10367213e+002	8.32626046e-001	
1.10472525e+002	8.69262377e-001	
1.10577838e+002	9.19980239e-001	
1.10683150e+002	9.70616131e-001	
1.10788462e+002	1.11510762e+000	
1.10893774e+002	1.16035565e+000	
1.10999086e+002	1.25189494e+000	
1.11104399e+002	1.22426087e+000	
1.11209711e+002	1.17836590e+000	
1.11315023e+002	1.13615247e+000	
1.11420335e+002	1.04465760e+000	
1.11525648e+002	9.41405067e-001	
1.11630960e+002	8.41548094e-001	
1.11736272e+002	7.61308141e-001	
1.11841584e+002	7.45863069e-001	
1.11946897e+002	7.30732033e-001	
1.12052209e+002	6.82771377e-001	
1.12157521e+002	5.92449140e-001	
1.12262833e+002	5.03500492e-001	
1.12368145e+002	4.26097923e-001	
1.12473458e+002	3.45492230e-001	
1.12578770e+002	2.57208294e-001	
1.12684082e+002	2.11795163e-001	
1.12789394e+002	2.14878356e-001	
1.12894707e+002	2.48587406e-001	
1.13000019e+002	3.06077178e-001	
1.13105331e+002	4.03459366e-001	
1.13210643e+002	4.98385760e-001	
1.13315955e+002	5.82058085e-001	
1.13421268e+002	6.78288504e-001	
1.13526580e+002	7.57722571e-001	
1.13631892e+002	7.95022302e-001	
1.13737204e+002	7.85800704e-001	
1.13842517e+002	7.77272610e-001	
1.13947829e+002	8.68882439e-001	
1.14053141e+002	9.62929125e-001	
1.14158453e+002	1.01231174e+000	
1.14263765e+002	1.03803158e+000	
1.14369078e+002	1.06194484e+000	
1.14474390e+002	1.08591171e+000	
1.14579702e+002	1.10910613e+000	
1.14685014e+002	1.09205294e+000	
1.14790327e+002	1.08128904e+000	
1.14895639e+002	1.07347383e+000	
1.15000951e+002	1.06559174e+000	
1.15106263e+002	1.05738090e+000	
1.15211576e+002	1.04902885e+000	
1.15316888e+002	1.04068194e+000	
1.15422200e+002	1.03307728e+000	
1.15527512e+002	1.03690174e+000	
1.15632824e+002	1.04072655e+000	
1.15738137e+002	1.04211552e+000	
1.15843449e+002	1.04147690e+000	
1.15948761e+002	1.04087833e+000	
1.16054073e+002	1.04033867e+000	
1.16159386e+002	1.03985801e+000	
1.16264698e+002	1.03943641e+000	
1.16370010e+002	1.05446630e+000	
1.16475322e+002	1.08472686e+000	
1.16580634e+002	1.11886679e+000	
1.16685947e+002	1.16846548e+000	
1.16791259e+002	1.21893629e+000	
1.16896571e+002	1.23688661e+000	
1.17001883e+002	1.23063708e+000	
1.17107196e+002	1.23643563e+000	
1.17212508e+002	1.10084331e+000	
1.17317820e+002	9.98995177e-001	
1.17423132e+002	9.61106461e-001	
1.17528445e+002	8.90378487e-001	
1.17633757e+002	8.19728173e-001	
1.17739069e+002	7.70669538e-001	
1.17844381e+002	7.44191393e-001	
1.17949693e+002	7.24563018e-001	
1.18055006e+002	7.07951111e-001	
1.18160318e+002	6.94572140e-001	
1.18265630e+002	6.84615669e-001	
1.18370942e+002	6.78232440e-001	
1.18476255e+002	6.75113062e-001	
1.18581567e+002	6.75544741e-001	
1.18686879e+002	6.86258932e-001	
1.18792191e+002	7.37693798e-001	
1.18897503e+002	7.61531589e-001	
1.19002816e+002	7.51303676e-001	
1.19108128e+002	7.12330490e-001	
1.19213440e+002	6.96688496e-001	
1.19318752e+002	7.42811342e-001	
1.19424065e+002	7.97709523e-001	
1.19529377e+002	8.82331125e-001	
1.19634689e+002	8.60375747e-001	
1.19740001e+002	8.63151498e-001	
1.19845313e+002	6.97821141e-001	
1.19950626e+002	5.42825389e-001	
1.20055938e+002	4.63004019e-001	
1.20161250e+002	3.81606051e-001	
1.20266562e+002	3.09935058e-001	
1.20371875e+002	2.64964531e-001	
1.20477187e+002	2.54633152e-001	
1.20582499e+002	3.24723775e-001	
1.20687811e+002	4.04686416e-001	
1.20793124e+002	4.67452346e-001	
1.20898436e+002	5.50318761e-001	
1.21003748e+002	6.37543285e-001	
1.21109060e+002	6.75342638e-001	
1.21214372e+002	6.81044300e-001	
1.21319685e+002	6.88614230e-001	
1.21424997e+002	7.85772209e-001	
1.21530309e+002	8.51987149e-001	
1.21635621e+002	8.94128405e-001	
1.21740934e+002	9.36233350e-001	
1.21846246e+002	9.72013770e-001	
1.21951558e+002	1.00424267e+000	
1.22056870e+002	9.99704759e-001	
1.22162182e+002	1.00770417e+000	
1.22267495e+002	1.02028011e+000	
1.22372807e+002	1.03288084e+000	
1.22478119e+002	1.04550549e+000	
1.22583431e+002	1.04527819e+000	
1.22688744e+002	1.04213776e+000	
1.22794056e+002	1.03907689e+000	
1.22899368e+002	1.03736206e+000	
1.23004680e+002	1.03564940e+000	
1.23109992e+002	1.03393892e+000	
1.23215305e+002	1.03223062e+000	
1.23320617e+002	1.03052452e+000	
1.23425929e+002	1.02875911e+000	
1.23531241e+002	1.02625906e+000	
1.23636554e+002	1.02376999e+000	
1.23741866e+002	1.02129715e+000	
1.23847178e+002	1.01883762e+000	
1.23952490e+002	1.01639015e+000	
1.24057803e+002	1.01395483e+000	
1.24163115e+002	1.01153175e+000	
1.24268427e+002	1.01594989e+000	
1.24373739e+002	1.02127138e+000	
1.24479051e+002	1.02539893e+000	
1.24584364e+002	1.02810444e+000	
1.24689676e+002	1.03089984e+000	
1.24794988e+002	1.03378035e+000	
1.24900300e+002	1.03674526e+000	
1.25005613e+002	1.03979384e+000	
1.25110925e+002	1.04825409e+000	
1.25216237e+002	1.06696003e+000	
1.25321549e+002	1.08571059e+000	
1.25426861e+002	1.09659961e+000	
1.25532174e+002	1.10763961e+000	
1.25637486e+002	1.11882372e+000	
1.25742798e+002	1.14766329e+000	
1.25848110e+002	1.10893624e+000	
1.25953423e+002	1.04736776e+000	
1.26058735e+002	9.42184776e-001	
1.26164047e+002	7.57313280e-001	
1.26269359e+002	6.96190016e-001	
1.26374672e+002	6.46975689e-001	
1.26479984e+002	5.93894710e-001	
1.26585296e+002	5.42647996e-001	
1.26690608e+002	5.05199746e-001	
1.26795920e+002	5.09714723e-001	
1.26901233e+002	5.30804815e-001	
1.27006545e+002	5.54001096e-001	
1.27111857e+002	5.47109135e-001	
1.27217169e+002	5.04292406e-001	
1.27322482e+002	4.65259994e-001	
1.27427794e+002	4.36005353e-001	
1.27533106e+002	4.18583619e-001	
1.27638418e+002	4.00727989e-001	
1.27743730e+002	3.64216762e-001	
1.27849043e+002	3.32973738e-001	
1.27954355e+002	3.25983012e-001	
1.28059667e+002	3.53707918e-001	
1.28164979e+002	3.96253200e-001	
1.28270292e+002	4.50996574e-001	
1.28375604e+002	5.02324224e-001	
1.28480916e+002	5.53184441e-001	
1.28586228e+002	6.00777613e-001	
1.28691540e+002	6.27366040e-001	
1.28796853e+002	6.56836022e-001	
1.28902165e+002	7.26597989e-001	
1.29007477e+002	7.96551642e-001	
1.29112789e+002	8.48426119e-001	
1.29218102e+002	8.85812825e-001	
1.29323414e+002	9.29945816e-001	
1.29428726e+002	9.74368717e-001	
1.29534038e+002	9.69154363e-001	
1.29639351e+002	9.76695377e-001	
1.29744663e+002	9.91180910e-001	
1.29849975e+002	1.00566587e+000	
1.29955287e+002	1.00363877e+000	
1.30060599e+002	1.00136706e+000	
1.30165912e+002	9.99286955e-001	
1.30271224e+002	1.00118491e+000	
1.30376536e+002	1.00308296e+000	
1.30481848e+002	1.00498108e+000	
1.30587161e+002	1.00687928e+000	
1.30692473e+002	1.00876456e+000	
1.30797785e+002	1.01058222e+000	
1.30903097e+002	1.01239999e+000	
1.31008409e+002	1.01232731e+000	
1.31113722e+002	1.01113558e+000	
1.31219034e+002	1.00994622e+000	
1.31324346e+002	1.00875925e+000	
1.31429658e+002	1.00757468e+000	
1.31534971e+002	1.00639251e+000	
1.31640283e+002	1.00791454e+000	
1.31745595e+002	1.00997822e+000	
1.31850907e+002	1.01204308e+000	
1.31956220e+002	1.01410911e+000	
1.32061532e+002	1.01617629e+000	
1.32166844e+002	1.01812601e+000	
1.32272156e+002	1.01714571e+000	
1.32377468e+002	1.01616568e+000	
1.32482781e+002	1.01514406e+000	
1.32588093e+002	1.01408172e+000	
1.32693405e+002	1.01301962e+000	
1.32798717e+002	1.01195776e+000	
1.32904030e+002	1.01089613e+000	
1.33009342e+002	1.01202531e+000	
1.33114654e+002	1.01448711e+000	
1.33219966e+002	1.01696528e+000	
1.33325278e+002	1.00804948e+000	
1.33430591e+002	9.93721026e-001	
1.33535903e+002	9.80664714e-001	
1.33641215e+002	9.86003077e-001	
1.33746527e+002	9.62271167e-001	
1.33851840e+002	9.21647384e-001	
1.33957152e+002	8.83224386e-001	
1.34062464e+002	8.38384549e-001	
1.34167776e+002	7.38348261e-001	
1.34273088e+002	6.62399929e-001	
1.34378401e+002	6.45362112e-001	
1.34483713e+002	6.36431724e-001	
1.34589025e+002	5.81686882e-001	
1.34694337e+002	5.24549630e-001	
1.34799650e+002	4.81690162e-001	
1.34904962e+002	3.95326211e-001	
1.35010274e+002	3.71798758e-001	
1.35115586e+002	3.66121692e-001	
1.35220899e+002	3.67771079e-001	
1.35326211e+002	3.78370085e-001	
1.35431523e+002	3.92063340e-001	
1.35536835e+002	4.11896641e-001	
1.35642147e+002	4.37034852e-001	
1.35747460e+002	4.51273251e-001	
1.35852772e+002	4.74839681e-001	
1.35958084e+002	5.17310202e-001	
1.36063396e+002	5.58018074e-001	
1.36168709e+002	5.36740047e-001	
1.36274021e+002	5.15091054e-001	
1.36379333e+002	4.99450910e-001	
1.36484645e+002	5.47119077e-001	
1.36589957e+002	6.08662130e-001	
1.36695270e+002	6.69935102e-001	
1.36800582e+002	7.31522897e-001	
1.36905894e+002	8.01566787e-001	
1.37011206e+002	8.92969908e-001	
1.37116519e+002	1.05486490e+000	
1.37221831e+002	1.12269721e+000	
1.37327143e+002	1.19623540e+000	
1.37432455e+002	1.18918489e+000	
1.37537767e+002	1.15646200e+000	
1.37643080e+002	1.12456924e+000	
1.37748392e+002	1.09366564e+000	
1.37853704e+002	1.06987830e+000	
1.37959016e+002	1.04895627e+000	
1.38064329e+002	1.03403376e+000	
1.38169641e+002	1.03173956e+000	
1.38274953e+002	1.02954730e+000	
1.38380265e+002	1.02745762e+000	
1.38485578e+002	1.02547117e+000	
1.38590890e+002	1.02357852e+000	
1.38696202e+002	1.02130693e+000	
1.38801514e+002	1.01750653e+000	
1.38906826e+002	1.01370717e+000	
1.39012139e+002	1.01697470e+000	
1.39117451e+002	1.02221897e+000	
1.39222763e+002	1.02748697e+000	
1.39328075e+002	1.03277835e+000	
1.39433388e+002	1.03809275e+000	
1.39538700e+002	1.04341203e+000	
1.39644012e+002	1.04874986e+000	
1.39749324e+002	1.05340302e+000	
1.39854636e+002	1.05757410e+000	
1.39959949e+002	1.06174974e+000	
1.40065261e+002	1.06592988e+000	
1.40170573e+002	1.07011446e+000	
1.40275885e+002	1.07430345e+000	
1.40381198e+002	1.07799093e+000	
1.40486510e+002	1.08136234e+000	
1.40591822e+002	1.08473376e+000	
1.40697134e+002	1.07473381e+000	
1.40802447e+002	1.06241958e+000	
1.40907759e+002	1.05012888e+000	
1.41013071e+002	1.03786254e+000	
1.41118383e+002	1.03955050e+000	
1.41223695e+002	1.02007810e+000	
1.41329008e+002	9.82447183e-001	
1.41434320e+002	9.41777498e-001	
1.41539632e+002	8.98918324e-001	
1.41644944e+002	8.53091552e-001	
1.41750257e+002	7.48757957e-001	
1.41855569e+002	7.13762764e-001	
1.41960881e+002	7.07009484e-001	
1.42066193e+002	6.89162057e-001	
1.42171505e+002	6.09622163e-001	
1.42276818e+002	5.19811991e-001	
1.42382130e+002	4.44788850e-001	
1.42487442e+002	3.81317023e-001	
1.42592754e+002	3.25030779e-001	
1.42698067e+002	2.87223079e-001	
1.42803379e+002	2.76591141e-001	
1.42908691e+002	3.11156712e-001	
1.43014003e+002	4.01289326e-001	
1.43119315e+002	5.08841664e-001	
1.43224628e+002	6.04932027e-001	
1.43329940e+002	7.46415082e-001	
1.43435252e+002	8.68107577e-001	
1.43540564e+002	8.53836581e-001	
1.43645877e+002	7.79242929e-001	
1.43751189e+002	7.18124429e-001	
1.43856501e+002	6.56901446e-001	
1.43961813e+002	6.36927565e-001	
1.44067126e+002	6.69430098e-001	
1.44172438e+002	6.98040628e-001	
1.44277750e+002	6.90776643e-001	
1.44383062e+002	6.90144743e-001	
1.44488374e+002	6.96889593e-001	
1.44593687e+002	6.86596484e-001	
1.44698999e+002	6.86503116e-001	
1.44804311e+002	6.89742585e-001	
1.44909623e+002	7.03008744e-001	
1.45014936e+002	7.20170631e-001	
1.45120248e+002	7.40757430e-001	
1.45225560e+002	7.64492507e-001	
1.45330872e+002	7.91092540e-001	
1.45436184e+002	8.20278861e-001	
1.45541497e+002	8.51785656e-001	
1.45646809e+002	9.11411928e-001	
1.45752121e+002	9.76450551e-001	
1.45857433e+002	1.09890169e+000	
1.45962746e+002	1.17543740e+000	
1.46068058e+002	1.27151776e+000	
1.46173370e+002	1.27768849e+000	
1.46278682e+002	1.25042685e+000	
1.46383995e+002	1.22283095e+000	
1.46489307e+002	1.15394938e+000	
1.46594619e+002	1.09125762e+000	
1.46699931e+002	1.06271206e+000	
1.46805243e+002	1.03909774e+000	
1.46910556e+002	1.04016876e+000	
1.47015868e+002	1.04134816e+000	
1.47121180e+002	1.04263557e+000	
1.47226492e+002	1.04403058e+000	
1.47331805e+002	1.04553277e+000	
1.47437117e+002	1.04645732e+000	
1.47542429e+002	1.04314079e+000	
1.47647741e+002	1.03982437e+000	
1.47753053e+002	1.04448367e+000	
1.47858366e+002	1.05433049e+000	
1.47963678e+002	1.06418184e+000	
1.48068990e+002	1.07403760e+000	
1.48174302e+002	1.08266431e+000	
1.48279615e+002	1.09119941e+000	
1.48384927e+002	1.09988534e+000	
1.48490239e+002	1.11571194e+000	
1.48595551e+002	1.10583064e+000	
1.48700863e+002	1.08128028e+000	
1.48806176e+002	1.05673390e+000	
1.48911488e+002	1.03219179e+000	
1.49016800e+002	9.92168012e-001	
1.49122112e+002	9.06231732e-001	
1.49227425e+002	8.08199237e-001	
1.49332737e+002	7.85716438e-001	
1.49438049e+002	7.64621284e-001	
1.49543361e+002	7.31490314e-001	
1.49648674e+002	6.94481886e-001	
1.49753986e+002	6.13287103e-001	
1.49859298e+002	5.03850503e-001	
1.49964610e+002	4.12473785e-001	
1.50069922e+002	3.27234942e-001	
1.50175235e+002	2.61389268e-001	
1.50280547e+002	2.25539279e-001	
1.50385859e+002	2.20134141e-001	
1.50491171e+002	2.49034648e-001	
1.50596484e+002	3.32157599e-001	
1.50701796e+002	4.18526895e-001	
1.50807108e+002	4.89823980e-001	
1.50912420e+002	5.74766005e-001	
1.51017732e+002	6.68264378e-001	
1.51123045e+002	7.37142791e-001	
1.51228357e+002	7.52488493e-001	
1.51333669e+002	7.68202296e-001	
1.51438981e+002	8.20558999e-001	
1.51544294e+002	9.15940449e-001	
1.51649606e+002	1.01275246e+000	
1.51754918e+002	1.10134349e+000	
1.51860230e+002	1.18120151e+000	
1.51965542e+002	1.24317601e+000	
1.52070855e+002	1.21940663e+000	
1.52176167e+002	1.22359815e+000	
1.52281479e+002	1.09509960e+000	
1.52386791e+002	1.03847656e+000	
1.52492104e+002	1.00666108e+000	
1.52597416e+002	9.49011820e-001	
1.52702728e+002	8.74613664e-001	
1.52808040e+002	8.00785398e-001	
1.52913353e+002	7.67724121e-001	
1.53018665e+002	7.39716690e-001	
1.53123977e+002	7.13558362e-001	
1.53229289e+002	6.89459636e-001	
1.53334601e+002	6.67643575e-001	
1.53439914e+002	6.53891566e-001	
1.53545226e+002	6.51012014e-001	
1.53650538e+002	6.61860897e-001	
1.53755850e+002	6.79218412e-001	
1.53861163e+002	7.00069607e-001	
1.53966475e+002	7.24112736e-001	
1.54071787e+002	7.51041313e-001	
1.54177099e+002	7.83834592e-001	
1.54282411e+002	8.56009894e-001	
1.54387724e+002	9.28690433e-001	
1.54493036e+002	9.68321650e-001	
1.54598348e+002	9.91793857e-001	
1.54703660e+002	1.06803608e+000	
1.54808973e+002	1.20135070e+000	
1.54914285e+002	1.18731443e+000	
1.55019597e+002	1.20143821e+000	
1.55124909e+002	1.19287344e+000	
1.55230222e+002	1.13214941e+000	
1.55335534e+002	1.08018440e+000	
1.55440846e+002	1.05121507e+000	
1.55546158e+002	1.02227073e+000	
1.55651470e+002	1.02023970e+000	
1.55756783e+002	1.02167683e+000	
1.55862095e+002	1.02314907e+000	
1.55967407e+002	1.00083802e+000	
1.56072719e+002	9.77291622e-001	
1.56178032e+002	9.63915586e-001	
1.56283344e+002	9.73456578e-001	
1.56388656e+002	9.48735610e-001	
1.56493968e+002	9.13426598e-001	
1.56599280e+002	8.54141431e-001	
1.56704593e+002	7.95229351e-001	
1.56809905e+002	7.51289577e-001	
1.56915217e+002	7.31637425e-001	
1.57020529e+002	7.18277717e-001	
1.57125842e+002	6.86425473e-001	
1.57231154e+002	5.79243574e-001	
1.57336466e+002	5.03225885e-001	
1.57441778e+002	4.47532168e-001	
1.57547090e+002	4.01865308e-001	
1.57652403e+002	3.69957220e-001	
1.57757715e+002	3.07814739e-001	
1.57863027e+002	2.60792867e-001	
