% Column 0: Length, mm
% Column 1: |B|, Tesla
0.00000000e+000	2.61064655e-001	
1.05312226e-001	3.40729278e-001	
2.10624453e-001	4.23790266e-001	
3.15936679e-001	4.69898019e-001	
4.21248905e-001	5.24298608e-001	
5.26561131e-001	5.84681824e-001	
6.31873358e-001	6.63691397e-001	
7.37185584e-001	7.69334724e-001	
8.42497810e-001	7.96326748e-001	
9.47810036e-001	8.04703687e-001	
1.05312226e+000	8.18176580e-001	
1.15843449e+000	8.50914255e-001	
1.26374672e+000	9.05338755e-001	
1.36905894e+000	9.60176219e-001	
1.47437117e+000	9.91684176e-001	
1.57968339e+000	1.01270009e+000	
1.68499562e+000	9.99974529e-001	
1.79030785e+000	1.01052298e+000	
1.89562007e+000	1.03150644e+000	
2.00093230e+000	1.05146341e+000	
2.10624453e+000	1.05062061e+000	
2.21155675e+000	1.04980043e+000	
2.31686898e+000	1.05326579e+000	
2.42218120e+000	1.09013100e+000	
2.52749343e+000	1.12700816e+000	
2.63280566e+000	1.18188015e+000	
2.73811788e+000	1.24370767e+000	
2.84343011e+000	1.25426692e+000	
2.94874234e+000	1.24277655e+000	
3.05405456e+000	1.26269154e+000	
3.15936679e+000	1.12597132e+000	
3.26467901e+000	1.04922968e+000	
3.36999124e+000	1.02268260e+000	
3.47530347e+000	9.78896465e-001	
3.58061569e+000	8.99705632e-001	
3.68592792e+000	8.20735337e-001	
3.79124015e+000	7.80970571e-001	
3.89655237e+000	7.46135555e-001	
4.00186460e+000	7.13151567e-001	
4.10717682e+000	6.82287113e-001	
4.21248905e+000	6.53842418e-001	
4.31780128e+000	6.32354676e-001	
4.42311350e+000	6.30090710e-001	
4.52842573e+000	6.42213138e-001	
4.63373796e+000	6.65272903e-001	
4.73905018e+000	6.91305148e-001	
4.84436241e+000	7.19987520e-001	
4.94967463e+000	7.51016445e-001	
5.05498686e+000	7.87025086e-001	
5.16029909e+000	8.58513318e-001	
5.26561131e+000	9.30942357e-001	
5.37092354e+000	9.88252140e-001	
5.47623577e+000	1.02198514e+000	
5.58154799e+000	1.07991889e+000	
5.68686022e+000	1.20520154e+000	
5.79217244e+000	1.20744417e+000	
5.89748467e+000	1.23251403e+000	
6.00279690e+000	1.17017255e+000	
6.10810912e+000	1.09003764e+000	
6.21342135e+000	1.00148669e+000	
6.31873358e+000	9.06537654e-001	
6.42404580e+000	8.13096250e-001	
6.52935803e+000	7.63102085e-001	
6.63467025e+000	7.47839997e-001	
6.73998248e+000	7.32901306e-001	
6.84529471e+000	6.63468247e-001	
6.95060693e+000	5.69223629e-001	
7.05591916e+000	4.83135048e-001	
7.16123139e+000	4.10220244e-001	
7.26654361e+000	3.20751399e-001	
7.37185584e+000	2.34372052e-001	
7.47716806e+000	2.09813556e-001	
7.58248029e+000	2.19915288e-001	
7.68779252e+000	2.58685462e-001	
7.79310474e+000	3.30306199e-001	
7.89841697e+000	4.27774027e-001	
8.00372920e+000	5.14957658e-001	
8.10904142e+000	6.02733988e-001	
8.21435365e+000	7.01638110e-001	
8.31966587e+000	7.67477230e-001	
8.42497810e+000	7.81267716e-001	
8.53029033e+000	7.72463954e-001	
8.63560255e+000	7.95301772e-001	
8.74091478e+000	8.91551643e-001	
8.84622701e+000	9.70750865e-001	
8.95153923e+000	1.01421323e+000	
9.05685146e+000	1.03861745e+000	
9.16216368e+000	1.06310444e+000	
9.26747591e+000	1.08766860e+000	
9.37278814e+000	1.09822900e+000	
9.47810036e+000	1.08424459e+000	
9.58341259e+000	1.07670347e+000	
9.68872482e+000	1.06929049e+000	
9.79403704e+000	1.06180576e+000	
9.89934927e+000	1.05383444e+000	
1.00046615e+001	1.04586380e+000	
1.01099737e+001	1.03789383e+000	
1.02152859e+001	1.03422385e+000	
1.03205982e+001	1.03717003e+000	
1.04259104e+001	1.04011790e+000	
1.05312226e+001	1.03852250e+000	
1.06365349e+001	1.03635849e+000	
1.07418471e+001	1.03431545e+000	
1.08471593e+001	1.03239411e+000	
1.09524715e+001	1.03059515e+000	
1.10577838e+001	1.02891920e+000	
1.11630960e+001	1.04966399e+000	
1.12684082e+001	1.07482151e+000	
1.13737204e+001	1.11971539e+000	
1.14790327e+001	1.18188551e+000	
1.15843449e+001	1.20842731e+000	
1.16896571e+001	1.19949892e+000	
1.17949693e+001	1.20089386e+000	
1.19002816e+001	1.10063550e+000	
1.20055938e+001	1.00402218e+000	
1.21109060e+001	9.48411618e-001	
1.22162182e+001	8.93254699e-001	
1.23215305e+001	8.40181607e-001	
1.24268427e+001	8.04503865e-001	
1.25321549e+001	7.55889421e-001	
1.26374672e+001	7.10020974e-001	
1.27427794e+001	6.67464883e-001	
1.28480916e+001	6.42817291e-001	
1.29534038e+001	6.36915939e-001	
1.30587161e+001	6.44377316e-001	
1.31640283e+001	6.56692119e-001	
1.32693405e+001	6.72843698e-001	
1.33746527e+001	6.93244207e-001	
1.34799650e+001	7.25412781e-001	
1.35852772e+001	7.69719558e-001	
1.36905894e+001	7.90109454e-001	
1.37959016e+001	7.70189259e-001	
1.39012139e+001	7.37549221e-001	
1.40065261e+001	7.53064795e-001	
1.41118383e+001	8.07366075e-001	
1.42171505e+001	8.63612311e-001	
1.43224628e+001	9.74176849e-001	
1.44277750e+001	9.21720090e-001	
1.45330872e+001	8.79803141e-001	
1.46383995e+001	6.89436272e-001	
1.47437117e+001	5.62737948e-001	
1.48490239e+001	4.74822057e-001	
1.49543361e+001	3.89201984e-001	
1.50596484e+001	3.15342782e-001	
1.51649606e+001	2.66091888e-001	
1.52702728e+001	2.70143389e-001	
1.53755850e+001	3.38016070e-001	
1.54808973e+001	4.04503719e-001	
1.55862095e+001	4.70304974e-001	
1.56915217e+001	5.55749224e-001	
1.57968339e+001	6.34103032e-001	
1.59021462e+001	6.51123145e-001	
1.60074584e+001	6.57171625e-001	
1.61127706e+001	6.91831663e-001	
1.62180828e+001	7.95975984e-001	
1.63233951e+001	8.41362278e-001	
1.64287073e+001	8.83868196e-001	
1.65340195e+001	9.23839716e-001	
1.66393317e+001	9.60221656e-001	
1.67446440e+001	9.78737371e-001	
1.68499562e+001	9.76598960e-001	
1.69552684e+001	9.89144432e-001	
1.70605807e+001	1.00172896e+000	
1.71658929e+001	1.01435108e+000	
1.72712051e+001	1.02472820e+000	
1.73765173e+001	1.02205906e+000	
1.74818296e+001	1.01939004e+000	
1.75871418e+001	1.01691514e+000	
1.76924540e+001	1.01474668e+000	
1.77977662e+001	1.01258048e+000	
1.79030785e+001	1.01041655e+000	
1.80083907e+001	1.00825492e+000	
1.81137029e+001	1.00609558e+000	
1.82190151e+001	1.00403593e+000	
1.83243274e+001	1.00211976e+000	
1.84296396e+001	1.00021052e+000	
1.85349518e+001	9.98328744e-001	
1.86402640e+001	9.96451101e-001	
1.87455763e+001	9.94577617e-001	
1.88508885e+001	9.92708313e-001	
1.89562007e+001	9.92151595e-001	
1.90615130e+001	9.96329856e-001	
1.91668252e+001	1.00051612e+000	
1.92721374e+001	1.00316661e+000	
1.93774496e+001	1.00545691e+000	
1.94827619e+001	1.00781763e+000	
1.95880741e+001	1.01024335e+000	
1.96933863e+001	1.01273361e+000	
1.97986985e+001	1.01528793e+000	
1.99040108e+001	1.02604363e+000	
2.00093230e+001	1.04075018e+000	
2.01146352e+001	1.05335175e+000	
2.02199474e+001	1.06129815e+000	
2.03252597e+001	1.06946415e+000	
2.04305719e+001	1.07774101e+000	
2.05358841e+001	1.12517926e+000	
2.06411963e+001	1.03195212e+000	
2.07465086e+001	9.83596224e-001	
2.08518208e+001	8.42484364e-001	
2.09571330e+001	7.05148152e-001	
2.10624453e+001	6.61617979e-001	
2.11677575e+001	6.18947997e-001	
2.12730697e+001	5.71993046e-001	
2.13783819e+001	5.27567652e-001	
2.14836942e+001	5.12493641e-001	
2.15890064e+001	5.34246628e-001	
2.16943186e+001	5.61733501e-001	
2.17996308e+001	5.86879111e-001	
2.19049431e+001	5.67672372e-001	
2.20102553e+001	5.29920230e-001	
2.21155675e+001	5.00518632e-001	
2.22208797e+001	4.81023875e-001	
2.23261920e+001	4.72663357e-001	
2.24315042e+001	4.48305373e-001	
2.25368164e+001	4.15818888e-001	
2.26421286e+001	3.89008324e-001	
2.27474409e+001	3.84554406e-001	
2.28527531e+001	4.05921959e-001	
2.29580653e+001	4.34134138e-001	
2.30633776e+001	4.74493440e-001	
2.31686898e+001	4.99173479e-001	
2.32740020e+001	5.35102174e-001	
2.33793142e+001	5.66290707e-001	
2.34846265e+001	5.93780100e-001	
2.35899387e+001	6.39555769e-001	
2.36952509e+001	7.12700891e-001	
2.38005631e+001	7.85712524e-001	
2.39058754e+001	8.29635684e-001	
2.40111876e+001	8.71054776e-001	
2.41164998e+001	9.16667827e-001	
2.42218120e+001	9.44033438e-001	
2.43271243e+001	9.40112835e-001	
2.44324365e+001	9.54419111e-001	
2.45377487e+001	9.70003784e-001	
2.46430609e+001	9.80003702e-001	
2.47483732e+001	9.78215129e-001	
2.48536854e+001	9.76445663e-001	
2.49589976e+001	9.76030386e-001	
2.50643099e+001	9.77837890e-001	
2.51696221e+001	9.79645399e-001	
2.52749343e+001	9.81452913e-001	
2.53802465e+001	9.83260431e-001	
2.54855588e+001	9.85023783e-001	
2.55908710e+001	9.86741981e-001	
2.56961832e+001	9.88460192e-001	
2.58014954e+001	9.87165507e-001	
2.59068077e+001	9.85750296e-001	
2.60121199e+001	9.84336547e-001	
2.61174321e+001	9.82924266e-001	
2.62227443e+001	9.81513460e-001	
2.63280566e+001	9.80670825e-001	
2.64333688e+001	9.82662930e-001	
2.65386810e+001	9.84656175e-001	
2.66439932e+001	9.86650553e-001	
2.67493055e+001	9.88646057e-001	
2.68546177e+001	9.90642680e-001	
2.69599299e+001	9.91490074e-001	
2.70652421e+001	9.90397817e-001	
2.71705544e+001	9.89305586e-001	
2.72758666e+001	9.88139859e-001	
2.73811788e+001	9.86960027e-001	
2.74864911e+001	9.85780209e-001	
2.75918033e+001	9.84600406e-001	
2.76971155e+001	9.83420618e-001	
2.78024277e+001	9.85627555e-001	
2.79077400e+001	9.88003427e-001	
2.80130522e+001	9.90129279e-001	
2.81183644e+001	9.75171499e-001	
2.82236766e+001	9.60216885e-001	
2.83289889e+001	9.52566386e-001	
2.84343011e+001	9.58467366e-001	
2.85396133e+001	9.17948071e-001	
2.86449255e+001	8.77248554e-001	
2.87502378e+001	8.37012194e-001	
2.88555500e+001	7.69274475e-001	
2.89608622e+001	6.67579024e-001	
2.90661744e+001	6.03210610e-001	
2.91714867e+001	6.00331385e-001	
2.92767989e+001	5.83160545e-001	
2.93821111e+001	5.30680097e-001	
2.94874234e+001	5.02081747e-001	
2.95927356e+001	4.44465053e-001	
2.96980478e+001	4.08246354e-001	
2.98033600e+001	4.02930115e-001	
2.99086723e+001	4.09842650e-001	
3.00139845e+001	4.18873328e-001	
3.01192967e+001	4.31305940e-001	
3.02246089e+001	4.46927295e-001	
3.03299212e+001	4.67393973e-001	
3.04352334e+001	4.92101790e-001	
3.05405456e+001	4.96861361e-001	
3.06458578e+001	5.19867371e-001	
3.07511701e+001	5.59121634e-001	
3.08564823e+001	5.70669915e-001	
3.09617945e+001	5.40719446e-001	
3.10671067e+001	5.13196340e-001	
3.11724190e+001	5.00805691e-001	
3.12777312e+001	5.60429961e-001	
3.13830434e+001	6.18053869e-001	
3.14883557e+001	6.77268857e-001	
3.15936679e+001	7.35654037e-001	
3.16989801e+001	8.10117215e-001	
3.18042923e+001	9.22239656e-001	
3.19096046e+001	1.03636486e+000	
3.20149168e+001	1.11902173e+000	
3.21202290e+001	1.15618751e+000	
3.22255412e+001	1.14062638e+000	
3.23308535e+001	1.11279622e+000	
3.24361657e+001	1.08568522e+000	
3.25414779e+001	1.05967221e+000	
3.26467901e+001	1.04201455e+000	
3.27521024e+001	1.02436051e+000	
3.28574146e+001	1.01704248e+000	
3.29627268e+001	1.01519295e+000	
3.30680390e+001	1.01342028e+000	
3.31733513e+001	1.01172488e+000	
3.32786635e+001	1.01010713e+000	
3.33839757e+001	1.00855092e+000	
3.34892880e+001	1.00605271e+000	
3.35946002e+001	1.00276975e+000	
3.36999124e+001	1.00030981e+000	
3.38052246e+001	1.00403301e+000	
3.39105369e+001	1.00776643e+000	
3.40158491e+001	1.01150997e+000	
3.41211613e+001	1.01526350e+000	
3.42264735e+001	1.01902390e+000	
3.43317858e+001	1.02278278e+000	
3.44370980e+001	1.02655077e+000	
3.45424102e+001	1.02968675e+000	
3.46477224e+001	1.03277275e+000	
3.47530347e+001	1.03586170e+000	
3.48583469e+001	1.03895357e+000	
3.49636591e+001	1.04204834e+000	
3.50689713e+001	1.04514599e+000	
3.51742836e+001	1.04714072e+000	
3.52795958e+001	1.04907342e+000	
3.53849080e+001	1.04822848e+000	
3.54902203e+001	1.03513944e+000	
3.55955325e+001	1.02208717e+000	
3.57008447e+001	1.00907309e+000	
3.58061569e+001	1.00042383e+000	
3.59114692e+001	1.00395567e+000	
3.60167814e+001	9.70741179e-001	
3.61220936e+001	9.33981732e-001	
3.62274058e+001	8.91295066e-001	
3.63327181e+001	8.48601209e-001	
3.64380303e+001	7.81151581e-001	
3.65433425e+001	6.81902897e-001	
3.66486547e+001	6.74267732e-001	
3.67539670e+001	6.68470089e-001	
3.68592792e+001	6.30380821e-001	
3.69645914e+001	5.43800232e-001	
3.70699036e+001	4.62223030e-001	
3.71752159e+001	4.01239517e-001	
3.72805281e+001	3.45188250e-001	
3.73858403e+001	3.06651287e-001	
3.74911525e+001	2.93931290e-001	
3.75964648e+001	3.12292694e-001	
3.77017770e+001	3.91143070e-001	
3.78070892e+001	5.03919712e-001	
3.79124015e+001	6.24364602e-001	
3.80177137e+001	7.30100778e-001	
3.81230259e+001	8.82018451e-001	
3.82283381e+001	9.46303551e-001	
3.83336504e+001	9.11960152e-001	
3.84389626e+001	8.28628940e-001	
3.85442748e+001	7.68319961e-001	
3.86495870e+001	7.14647453e-001	
3.87548993e+001	7.23347130e-001	
3.88602115e+001	7.60377211e-001	
3.89655237e+001	7.73820293e-001	
3.90708359e+001	7.63228243e-001	
3.91761482e+001	7.20557572e-001	
3.92814604e+001	6.88450020e-001	
3.93867726e+001	6.71959943e-001	
3.94920848e+001	6.58862186e-001	
3.95973971e+001	6.49043734e-001	
3.97027093e+001	6.50800376e-001	
3.98080215e+001	6.64871858e-001	
3.99133338e+001	6.84567808e-001	
4.00186460e+001	7.17323074e-001	
4.01239582e+001	7.59789632e-001	
4.02292704e+001	8.05897915e-001	
4.03345827e+001	8.55157796e-001	
4.04398949e+001	9.05671192e-001	
4.05452071e+001	9.56246096e-001	
4.06505193e+001	1.09066733e+000	
4.07558316e+001	1.15871795e+000	
4.08611438e+001	1.22433287e+000	
4.09664560e+001	1.22157424e+000	
4.10717682e+001	1.19413233e+000	
4.11770805e+001	1.16858551e+000	
4.12823927e+001	1.08876350e+000	
4.13877049e+001	1.05427491e+000	
4.14930171e+001	1.03166058e+000	
4.15983294e+001	1.02140294e+000	
4.17036416e+001	1.02368861e+000	
4.18089538e+001	1.02608850e+000	
4.19142661e+001	1.02860182e+000	
4.20195783e+001	1.03122773e+000	
4.21248905e+001	1.03395889e+000	
4.22302027e+001	1.03397600e+000	
4.23355150e+001	1.03063980e+000	
4.24408272e+001	1.02730403e+000	
4.25461394e+001	1.03209587e+000	
4.26514516e+001	1.03741209e+000	
4.27567639e+001	1.04272849e+000	
4.28620761e+001	1.04814587e+000	
4.29673883e+001	1.05379264e+000	
4.30727005e+001	1.05933466e+000	
4.31780128e+001	1.06749361e+000	
4.32833250e+001	1.08178467e+000	
4.33886372e+001	1.05661140e+000	
4.34939494e+001	1.03062541e+000	
4.35992617e+001	1.00463942e+000	
4.37045739e+001	9.77338216e-001	
4.38098861e+001	9.34094271e-001	
4.39151984e+001	8.26793444e-001	
4.40205106e+001	7.58574994e-001	
4.41258228e+001	7.36809704e-001	
4.42311350e+001	7.18918841e-001	
4.43364473e+001	6.80203300e-001	
4.44417595e+001	6.34619940e-001	
4.45470717e+001	5.40394246e-001	
4.46523839e+001	4.42070318e-001	
4.47576962e+001	3.58973191e-001	
4.48630084e+001	2.80426914e-001	
4.49683206e+001	2.41401743e-001	
4.50736328e+001	2.31640578e-001	
4.51789451e+001	2.51643266e-001	
4.52842573e+001	3.08229349e-001	
4.53895695e+001	3.95891987e-001	
4.54948817e+001	4.74953507e-001	
4.56001940e+001	5.49660471e-001	
4.57055062e+001	6.34585734e-001	
4.58108184e+001	7.20664217e-001	
4.59161306e+001	7.66481044e-001	
4.60214429e+001	7.81333525e-001	
4.61267551e+001	7.96518837e-001	
4.62320673e+001	8.80434409e-001	
4.63373796e+001	9.82365427e-001	
4.64426918e+001	1.08645540e+000	
4.65480040e+001	1.16976881e+000	
4.66533162e+001	1.19617177e+000	
4.67586285e+001	1.22258342e+000	
4.68639407e+001	1.31997834e+000	
4.69692529e+001	1.20707962e+000	
4.70745651e+001	1.15076623e+000	
4.71798774e+001	1.06267889e+000	
4.72851896e+001	9.34944083e-001	
4.73905018e+001	8.62171872e-001	
4.74958140e+001	8.23715519e-001	
4.76011263e+001	7.91925613e-001	
4.77064385e+001	7.61915065e-001	
4.78117507e+001	7.48202088e-001	
4.79170629e+001	7.35936120e-001	
4.80223752e+001	7.25190592e-001	
4.81276874e+001	7.16033957e-001	
4.82329996e+001	7.08527820e-001	
4.83383119e+001	7.01933880e-001	
4.84436241e+001	6.95049799e-001	
4.85489363e+001	6.90813458e-001	
4.86542485e+001	6.89860311e-001	
4.87595608e+001	7.04227663e-001	
4.88648730e+001	7.38327533e-001	
4.89701852e+001	7.75997604e-001	
4.90754974e+001	8.16744030e-001	
4.91808097e+001	8.70003167e-001	
4.92861219e+001	9.23678558e-001	
4.93914341e+001	1.03878382e+000	
4.94967463e+001	1.11718248e+000	
4.96020586e+001	1.21330521e+000	
4.97073708e+001	1.22487185e+000	
4.98126830e+001	1.20000117e+000	
4.99179952e+001	1.17760371e+000	
5.00233075e+001	1.11183482e+000	
5.01286197e+001	1.06460820e+000	
5.02339319e+001	1.03719852e+000	
5.03392442e+001	1.01624161e+000	
5.04445564e+001	1.01805511e+000	
5.05498686e+001	1.01990403e+000	
5.06551808e+001	1.01449706e+000	
5.07604931e+001	9.90277734e-001	
5.08658053e+001	9.66194536e-001	
5.09711175e+001	9.62767791e-001	
5.10764297e+001	9.63618177e-001	
5.11817420e+001	9.32182334e-001	
5.12870542e+001	8.85263432e-001	
5.13923664e+001	8.25113437e-001	
5.14976786e+001	7.65362760e-001	
5.16029909e+001	7.27986608e-001	
5.17083031e+001	7.14585116e-001	
5.18136153e+001	7.00752379e-001	
5.19189275e+001	6.33776755e-001	
5.20242398e+001	5.31500008e-001	
5.21295520e+001	4.67847027e-001	
5.22348642e+001	4.17338921e-001	
5.23401765e+001	3.78964287e-001	
5.24454887e+001	3.45897704e-001	
5.25508009e+001	2.85503427e-001	
5.26561131e+001	2.84950078e-001	
5.27614254e+001	3.69749348e-001	
5.28667376e+001	4.37447904e-001	
5.29720498e+001	4.86096124e-001	
5.30773620e+001	5.42214437e-001	
5.31826743e+001	6.03723306e-001	
5.32879865e+001	6.95632058e-001	
5.33932987e+001	7.89486877e-001	
5.34986109e+001	7.98445502e-001	
5.36039232e+001	8.06829164e-001	
5.37092354e+001	8.27028599e-001	
5.38145476e+001	8.68346634e-001	
5.39198598e+001	9.22855717e-001	
5.40251721e+001	9.74252766e-001	
5.41304843e+001	9.99220087e-001	
5.42357965e+001	1.00690753e+000	
5.43411088e+001	9.95238291e-001	
5.44464210e+001	1.01579036e+000	
5.45517332e+001	1.03644673e+000	
5.46570454e+001	1.04862807e+000	
5.47623577e+001	1.04721171e+000	
5.48676699e+001	1.04579547e+000	
5.49729821e+001	1.06272322e+000	
5.50782943e+001	1.10239050e+000	
5.51836066e+001	1.14261330e+000	
5.52889188e+001	1.18983539e+000	
5.53942310e+001	1.23840174e+000	
5.54995432e+001	1.25871419e+000	
5.56048555e+001	1.24837369e+000	
5.57101677e+001	1.25458938e+000	
5.58154799e+001	1.12940200e+000	
5.59207921e+001	1.01373997e+000	
5.60261044e+001	9.82260615e-001	
5.61314166e+001	9.17039241e-001	
5.62367288e+001	8.51400526e-001	
5.63420410e+001	8.00766327e-001	
5.64473533e+001	7.64993823e-001	
5.65526655e+001	7.31166766e-001	
5.66579777e+001	6.99567425e-001	
5.67632900e+001	6.70783522e-001	
5.68686022e+001	6.65462249e-001	
5.69739144e+001	6.62219203e-001	
5.70792266e+001	6.60274027e-001	
5.71845389e+001	6.60093423e-001	
5.72898511e+001	6.75926701e-001	
5.73951633e+001	7.07814701e-001	
5.75004755e+001	7.42565247e-001	
5.76057878e+001	7.79795736e-001	
5.77111000e+001	8.19168104e-001	
5.78164122e+001	8.60388357e-001	
5.79217244e+001	9.08291557e-001	
5.80270367e+001	9.58786627e-001	
5.81323489e+001	1.06533060e+000	
5.82376611e+001	1.14386098e+000	
5.83429733e+001	1.23492178e+000	
5.84482856e+001	1.24789193e+000	
5.85535978e+001	1.19764152e+000	
5.86589100e+001	1.15556104e+000	
5.87642223e+001	1.08856310e+000	
5.88695345e+001	9.80051380e-001	
5.89748467e+001	8.79858515e-001	
5.90801589e+001	7.87991928e-001	
5.91854712e+001	7.55807491e-001	
5.92907834e+001	7.40353741e-001	
5.93960956e+001	7.12154142e-001	
5.95014078e+001	6.28501230e-001	
5.96067201e+001	5.36384294e-001	
5.97120323e+001	4.53856922e-001	
5.98173445e+001	3.79429749e-001	
5.99226567e+001	2.89147225e-001	
6.00279690e+001	2.20172829e-001	
6.01332812e+001	2.08406701e-001	
6.02385934e+001	2.29087923e-001	
6.03439056e+001	2.74990627e-001	
6.04492179e+001	3.60806805e-001	
6.05545301e+001	4.57859037e-001	
6.06598423e+001	5.40203969e-001	
6.07651546e+001	6.33120246e-001	
6.08704668e+001	7.25788447e-001	
6.09757790e+001	7.86552595e-001	
6.10810912e+001	7.80061979e-001	
6.11864035e+001	7.74323620e-001	
6.12917157e+001	8.20825011e-001	
6.13970279e+001	9.16849685e-001	
6.15023401e+001	9.83075453e-001	
6.16076524e+001	1.01948037e+000	
6.17129646e+001	1.04385773e+000	
6.18182768e+001	1.06832050e+000	
6.19235890e+001	1.09286294e+000	
6.20289013e+001	1.09095991e+000	
6.21342135e+001	1.07994992e+000	
6.22395257e+001	1.07288992e+000	
6.23448379e+001	1.06576031e+000	
6.24501502e+001	1.05838399e+000	
6.25554624e+001	1.05061498e+000	
6.26607746e+001	1.04284655e+000	
6.27660869e+001	1.03507869e+000	
6.28713991e+001	1.03488937e+000	
6.29767113e+001	1.03754281e+000	
6.30820235e+001	1.03906689e+000	
6.31873358e+001	1.03643174e+000	
6.32926480e+001	1.03382206e+000	
6.33979602e+001	1.03127441e+000	
6.35032724e+001	1.02878924e+000	
6.36085847e+001	1.02636702e+000	
6.37138969e+001	1.02904073e+000	
6.38192091e+001	1.05639036e+000	
6.39245213e+001	1.08374109e+000	
6.40298336e+001	1.12889748e+000	
6.41351458e+001	1.17758640e+000	
6.42404580e+001	1.21342645e+000	
6.43457702e+001	1.20656161e+000	
6.44510825e+001	1.20865241e+000	
6.45563947e+001	1.12737329e+000	
6.46617069e+001	9.81666239e-001	
6.47670192e+001	9.60365496e-001	
6.48723314e+001	8.89853159e-001	
6.49776436e+001	8.18186751e-001	
6.50829558e+001	7.57182208e-001	
6.51882681e+001	7.30675538e-001	
6.52935803e+001	7.10966391e-001	
6.53988925e+001	6.95007400e-001	
6.55042047e+001	6.83061469e-001	
6.56095170e+001	6.75341590e-001	
6.57148292e+001	6.71993426e-001	
6.58201414e+001	6.74705911e-001	
6.59254536e+001	6.82878160e-001	
6.60307659e+001	6.93292188e-001	
6.61360781e+001	7.28369158e-001	
6.62413903e+001	7.71611587e-001	
6.63467025e+001	7.82513016e-001	
6.64520148e+001	7.51097427e-001	
6.65573270e+001	7.20300749e-001	
6.66626392e+001	7.70322868e-001	
6.67679514e+001	8.26678737e-001	
6.68732637e+001	8.82704340e-001	
6.69785759e+001	9.40011084e-001	
6.70838881e+001	9.17406574e-001	
6.71892004e+001	7.73351992e-001	
6.72945126e+001	6.44121286e-001	
6.73998248e+001	5.46590980e-001	
6.75051370e+001	4.19516601e-001	
6.76104493e+001	3.05418251e-001	
6.77157615e+001	2.76551557e-001	
6.78210737e+001	2.83582598e-001	
6.79263859e+001	3.16938634e-001	
6.80316982e+001	3.70641739e-001	
6.81370104e+001	4.26182099e-001	
6.82423226e+001	5.00189455e-001	
6.83476348e+001	5.90536377e-001	
6.84529471e+001	6.51251870e-001	
6.85582593e+001	6.55979543e-001	
6.86635715e+001	6.62587259e-001	
6.87688837e+001	7.22086345e-001	
6.88741960e+001	8.07877635e-001	
6.89795082e+001	8.49893561e-001	
6.90848204e+001	8.92379960e-001	
6.91901327e+001	9.31808345e-001	
6.92954449e+001	9.70921470e-001	
6.94007571e+001	9.77225686e-001	
6.95060693e+001	9.81235607e-001	
6.96113816e+001	9.93775164e-001	
6.97166938e+001	1.00635543e+000	
6.98220060e+001	1.01897491e+000	
6.99273182e+001	1.02443035e+000	
7.00326305e+001	1.02215637e+000	
7.01379427e+001	1.01988250e+000	
7.02432549e+001	1.01712465e+000	
7.03485671e+001	1.01418045e+000	
7.04538794e+001	1.01123863e+000	
7.05591916e+001	1.00829922e+000	
7.06645038e+001	1.00536223e+000	
7.07698160e+001	1.00242769e+000	
7.08751283e+001	9.99580326e-001	
7.09804405e+001	9.96765964e-001	
7.10857527e+001	9.93962284e-001	
7.11910650e+001	9.91170980e-001	
7.12963772e+001	9.88383931e-001	
7.14016894e+001	9.85601175e-001	
7.15070016e+001	9.82822747e-001	
7.16123139e+001	9.83593835e-001	
7.17176261e+001	9.87276742e-001	
7.18229383e+001	9.90829534e-001	
7.19282505e+001	9.93273778e-001	
7.20335628e+001	9.95762264e-001	
7.21388750e+001	9.98304540e-001	
7.22441872e+001	1.00090020e+000	
7.23494994e+001	1.00354882e+000	
7.24548117e+001	1.00636951e+000	
7.25601239e+001	1.02093211e+000	
7.26654361e+001	1.03549544e+000	
7.27707483e+001	1.06404369e+000	
7.28760606e+001	1.10058244e+000	
7.29813728e+001	1.10783249e+000	
7.30866850e+001	1.09042513e+000	
7.31919973e+001	1.09213962e+000	
7.32973095e+001	9.71487251e-001	
7.34026217e+001	8.84385348e-001	
7.35079339e+001	8.33952413e-001	
7.36132462e+001	7.43214108e-001	
7.37185584e+001	6.68053253e-001	
7.38238706e+001	6.25775105e-001	
7.39291828e+001	5.73990625e-001	
7.40344951e+001	5.27865725e-001	
7.41398073e+001	5.14093332e-001	
7.42451195e+001	5.42636067e-001	
7.43504317e+001	5.73279269e-001	
7.44557440e+001	5.76607758e-001	
7.45610562e+001	5.48129164e-001	
7.46663684e+001	5.21269906e-001	
7.47716806e+001	4.94141815e-001	
7.48769929e+001	4.76120014e-001	
7.49823051e+001	4.68257108e-001	
7.50876173e+001	4.71062085e-001	
7.51929296e+001	4.51606570e-001	
7.52982418e+001	4.38524371e-001	
7.54035540e+001	4.27850909e-001	
7.55088662e+001	4.19093153e-001	
7.56141785e+001	4.27248139e-001	
7.57194907e+001	4.75878086e-001	
7.58248029e+001	5.21894940e-001	
7.59301151e+001	5.60548243e-001	
7.60354274e+001	5.75502539e-001	
7.61407396e+001	5.76993495e-001	
7.62460518e+001	6.23591363e-001	
7.63513640e+001	7.21891609e-001	
7.64566763e+001	8.09162409e-001	
7.65619885e+001	8.50866544e-001	
7.66673007e+001	8.91770491e-001	
7.67726129e+001	9.32966152e-001	
7.68779252e+001	9.40815915e-001	
7.69832374e+001	9.41766739e-001	
7.70885496e+001	9.57271983e-001	
7.71938618e+001	9.72893332e-001	
7.72991741e+001	9.77026409e-001	
7.74044863e+001	9.75096778e-001	
7.75097985e+001	9.73185645e-001	
7.76151108e+001	9.74054526e-001	
7.77204230e+001	9.76058414e-001	
7.78257352e+001	9.78062302e-001	
7.79310474e+001	9.80066191e-001	
7.80363597e+001	9.82070079e-001	
7.81416719e+001	9.84002727e-001	
7.82469841e+001	9.85920555e-001	
7.83522963e+001	9.86950546e-001	
7.84576086e+001	9.85854044e-001	
7.85629208e+001	9.84759245e-001	
7.86682330e+001	9.83666154e-001	
7.87735452e+001	9.82574777e-001	
7.88788575e+001	9.81485120e-001	
7.89841697e+001	9.81905759e-001	
7.90894819e+001	9.83836137e-001	
7.91947941e+001	9.85767494e-001	
7.93001064e+001	9.87699824e-001	
7.94054186e+001	9.89633123e-001	
7.95107308e+001	9.91567383e-001	
7.96160431e+001	9.91312640e-001	
7.97213553e+001	9.90144220e-001	
7.98266675e+001	9.88960311e-001	
7.99319797e+001	9.87701744e-001	
8.00372920e+001	9.86443210e-001	
8.01426042e+001	9.85184710e-001	
8.02479164e+001	9.83926244e-001	
8.03532286e+001	9.83616303e-001	
8.04585409e+001	9.85632324e-001	
8.05638531e+001	9.87668083e-001	
8.06691653e+001	9.83706438e-001	
8.07744775e+001	9.68372617e-001	
8.08797898e+001	9.53144329e-001	
8.09851020e+001	9.52266306e-001	
8.10904142e+001	9.44249382e-001	
8.11957264e+001	9.02680657e-001	
8.13010387e+001	8.62078180e-001	
8.14063509e+001	8.21551225e-001	
8.15116631e+001	7.35591265e-001	
8.16169754e+001	6.38924454e-001	
8.17222876e+001	5.94886659e-001	
8.18275998e+001	5.91599911e-001	
8.19329120e+001	5.75689763e-001	
8.20382243e+001	5.25173235e-001	
8.21435365e+001	4.68392722e-001	
8.22488487e+001	4.09311082e-001	
8.23541609e+001	3.94543760e-001	
8.24594732e+001	3.98688123e-001	
8.25647854e+001	4.06527364e-001	
8.26700976e+001	4.18484584e-001	
8.27754098e+001	4.38917374e-001	
8.28807221e+001	4.37438989e-001	
8.29860343e+001	4.47621656e-001	
8.30913465e+001	4.68705979e-001	
8.31966587e+001	4.99312841e-001	
8.33019710e+001	5.28469345e-001	
8.34072832e+001	5.58893183e-001	
8.35125954e+001	5.59566763e-001	
8.36179077e+001	5.31245725e-001	
8.37232199e+001	5.05668992e-001	
8.38285321e+001	5.18396484e-001	
8.39338443e+001	5.66212275e-001	
8.40391566e+001	6.20402362e-001	
8.41444688e+001	6.93816929e-001	
8.42497810e+001	7.75184239e-001	
8.43550932e+001	8.45487351e-001	
8.44604055e+001	8.97621031e-001	
8.45657177e+001	9.92392329e-001	
8.46710299e+001	1.11472742e+000	
8.47763421e+001	1.11248517e+000	
8.48816544e+001	1.13001447e+000	
8.49869666e+001	1.12093557e+000	
8.50922788e+001	1.08025217e+000	
8.51975910e+001	1.04856617e+000	
8.53029033e+001	1.03259630e+000	
8.54082155e+001	1.01663923e+000	
8.55135277e+001	1.01473241e+000	
8.56188400e+001	1.01303109e+000	
8.57241522e+001	1.01139264e+000	
8.58294644e+001	1.00981735e+000	
8.59347766e+001	1.00830553e+000	
8.60400889e+001	1.00682472e+000	
8.61454011e+001	1.00403696e+000	
8.62507133e+001	1.00108636e+000	
8.63560255e+001	1.00118845e+000	
8.64613378e+001	1.00502432e+000	
8.65666500e+001	1.00887068e+000	
8.66719622e+001	1.01272740e+000	
8.67772744e+001	1.01659435e+000	
8.68825867e+001	1.02046278e+000	
8.69878989e+001	1.02433368e+000	
8.70932111e+001	1.02802536e+000	
8.71985233e+001	1.03117649e+000	
8.73038356e+001	1.03433050e+000	
8.74091478e+001	1.03748736e+000	
8.75144600e+001	1.04064704e+000	
8.76197722e+001	1.04380952e+000	
8.77250845e+001	1.04665359e+000	
8.78303967e+001	1.04867344e+000	
8.79357089e+001	1.05069330e+000	
8.80410212e+001	1.04490255e+000	
8.81463334e+001	1.03187100e+000	
8.82516456e+001	1.01887690e+000	
8.83569578e+001	1.00592170e+000	
8.84622701e+001	1.00239941e+000	
8.85675823e+001	9.97172406e-001	
8.86728945e+001	9.59760011e-001	
8.87782067e+001	9.21409806e-001	
8.88835190e+001	8.78249086e-001	
8.89888312e+001	8.35530796e-001	
8.90941434e+001	7.47119607e-001	
8.91994556e+001	6.80194698e-001	
8.93047679e+001	6.72952119e-001	
8.94100801e+001	6.67625192e-001	
8.95153923e+001	6.05901323e-001	
8.96207045e+001	5.14804884e-001	
8.97260168e+001	4.39244429e-001	
8.98313290e+001	3.76206624e-001	
8.99366412e+001	2.98661613e-001	
9.00419535e+001	2.58206482e-001	
9.01472657e+001	2.89083653e-001	
9.02525779e+001	3.49956515e-001	
9.03578901e+001	4.31765203e-001	
9.04632024e+001	5.17371464e-001	
9.05685146e+001	6.06653482e-001	
9.06738268e+001	8.01269556e-001	
9.07791390e+001	9.13355169e-001	
9.08844513e+001	9.24716705e-001	
9.09897635e+001	8.66803740e-001	
9.10950757e+001	8.10309146e-001	
9.12003879e+001	7.53883264e-001	
9.13057002e+001	7.12889246e-001	
9.14110124e+001	7.47593224e-001	
9.15163246e+001	7.82403528e-001	
9.16216368e+001	7.70816728e-001	
9.17269491e+001	7.38969813e-001	
9.18322613e+001	6.96364057e-001	
9.19375735e+001	6.78316677e-001	
9.20428858e+001	6.64566407e-001	
9.21481980e+001	6.54133702e-001	
9.22535102e+001	6.47349014e-001	
9.23588224e+001	6.55982487e-001	
9.24641347e+001	6.72557394e-001	
9.25694469e+001	6.94945459e-001	
9.26747591e+001	7.34150504e-001	
9.27800713e+001	7.78229261e-001	
9.28853836e+001	8.25651090e-001	
9.29906958e+001	8.75682771e-001	
9.30960080e+001	9.26014891e-001	
9.32013202e+001	9.99988861e-001	
9.33066325e+001	1.10617883e+000	
9.34119447e+001	1.19631294e+000	
9.35172569e+001	1.22963156e+000	
9.36225691e+001	1.21516218e+000	
9.37278814e+001	1.18831972e+000	
9.38331936e+001	1.14568454e+000	
9.39385058e+001	1.07171920e+000	
9.40438181e+001	1.04890252e+000	
9.41491303e+001	1.02614105e+000	
9.42544425e+001	1.02408317e+000	
9.43597547e+001	1.02635075e+000	
9.44650670e+001	1.02873270e+000	
9.45703792e+001	1.03122822e+000	
9.46756914e+001	1.03383649e+000	
9.47810036e+001	1.03654224e+000	
9.48863159e+001	1.03444733e+000	
9.49916281e+001	1.03103661e+000	
9.50969403e+001	1.02999868e+000	
9.52022525e+001	1.03528678e+000	
9.53075648e+001	1.04057507e+000	
9.54128770e+001	1.04586357e+000	
9.55181892e+001	1.05135744e+000	
9.56235014e+001	1.05693747e+000	
9.57288137e+001	1.06243665e+000	
9.58341259e+001	1.07324863e+000	
9.59394381e+001	1.07510510e+000	
9.60447504e+001	1.04890962e+000	
9.61500626e+001	1.02271414e+000	
9.62553748e+001	9.96518667e-001	
9.63606870e+001	9.63112359e-001	
9.64659993e+001	9.00439052e-001	
9.65713115e+001	7.90232917e-001	
9.66766237e+001	7.50665719e-001	
9.67819359e+001	7.28404024e-001	
9.68872482e+001	7.01627135e-001	
9.69925604e+001	6.67627072e-001	
9.70978726e+001	6.11040622e-001	
9.72031848e+001	5.01696872e-001	
9.73084971e+001	4.10335423e-001	
9.74138093e+001	3.30761716e-001	
9.75191215e+001	2.63305988e-001	
9.76244337e+001	2.35188669e-001	
9.77297460e+001	2.35405837e-001	
9.78350582e+001	2.63887549e-001	
9.79403704e+001	3.36588025e-001	
9.80456826e+001	4.25376367e-001	
9.81509949e+001	4.98338514e-001	
9.82563071e+001	5.78656745e-001	
9.83616193e+001	6.68308569e-001	
9.84669316e+001	7.49513925e-001	
9.85722438e+001	7.77444031e-001	
9.86775560e+001	7.93286167e-001	
9.87828682e+001	8.25139740e-001	
9.88881805e+001	9.19082861e-001	
9.89934927e+001	1.02250767e+000	
9.90988049e+001	1.13049689e+000	
9.92041171e+001	1.18771587e+000	
9.93094294e+001	1.21687097e+000	
9.94147416e+001	1.24603123e+000	
9.95200538e+001	1.27806554e+000	
9.96253660e+001	1.22010434e+000	
9.97306783e+001	1.14203806e+000	
9.98359905e+001	1.04941660e+000	
9.99413027e+001	9.26087713e-001	
1.00046615e+002	8.67816983e-001	
1.00151927e+002	8.24662840e-001	
1.00257239e+002	7.82142410e-001	
1.00362552e+002	7.49783899e-001	
1.00467864e+002	7.32253237e-001	
1.00573176e+002	7.17517523e-001	
1.00678488e+002	7.05751851e-001	
1.00783801e+002	6.98101377e-001	
1.00889113e+002	6.92992887e-001	
1.00994425e+002	6.89054442e-001	
1.01099737e+002	6.86927313e-001	
1.01205049e+002	6.86628333e-001	
1.01310362e+002	6.88159886e-001	
1.01415674e+002	7.09547417e-001	
1.01520986e+002	7.52243259e-001	
1.01626298e+002	7.98071755e-001	
1.01731611e+002	8.46086267e-001	
1.01836923e+002	8.93544696e-001	
1.01942235e+002	9.41303993e-001	
1.02047547e+002	1.07097346e+000	
1.02152859e+002	1.15036098e+000	
1.02258172e+002	1.21563308e+000	
1.02363484e+002	1.21455025e+000	
1.02468796e+002	1.19150008e+000	
1.02574108e+002	1.16346018e+000	
1.02679421e+002	1.08766793e+000	
1.02784733e+002	1.05680264e+000	
1.02890045e+002	1.02976014e+000	
1.02995357e+002	1.01871644e+000	
1.03100670e+002	1.02058821e+000	
1.03205982e+002	1.02249421e+000	
1.03311294e+002	1.00843719e+000	
1.03416606e+002	9.84331805e-001	
1.03521918e+002	9.60276568e-001	
1.03627231e+002	9.67706484e-001	
1.03732543e+002	9.54748074e-001	
1.03837855e+002	9.23663813e-001	
1.03943167e+002	8.66828412e-001	
1.04048480e+002	8.06927918e-001	
1.04153792e+002	7.54228782e-001	
1.04259104e+002	7.25758965e-001	
1.04364416e+002	7.12880535e-001	
1.04469728e+002	6.99341123e-001	
1.04575041e+002	6.02485435e-001	
1.04680353e+002	5.13159598e-001	
1.04785665e+002	4.55051502e-001	
1.04890977e+002	4.06362696e-001	
1.04996290e+002	3.70822177e-001	
1.05101602e+002	3.24096544e-001	
1.05206914e+002	2.73347727e-001	
1.05312226e+002	3.13601848e-001	
1.05417538e+002	4.00673382e-001	
1.05522851e+002	4.54280209e-001	
1.05628163e+002	5.06874033e-001	
1.05733475e+002	5.66050191e-001	
1.05838787e+002	6.34042405e-001	
1.05944100e+002	7.31633751e-001	
1.06049412e+002	7.89654464e-001	
1.06154724e+002	7.95471963e-001	
1.06260036e+002	8.03604252e-001	
1.06365349e+002	8.31704181e-001	
1.06470661e+002	8.84809655e-001	
1.06575973e+002	9.44956677e-001	
1.06681285e+002	9.87902394e-001	
1.06786597e+002	1.01023729e+000	
1.06891910e+002	1.00356939e+000	
1.06997222e+002	1.00246934e+000	
1.07102534e+002	1.02312211e+000	
1.07207846e+002	1.04397736e+000	
1.07313159e+002	1.04864248e+000	
1.07418471e+002	1.04701666e+000	
1.07523783e+002	1.04539085e+000	
1.07629095e+002	1.07611343e+000	
1.07734407e+002	1.11597392e+000	
1.07839720e+002	1.15879695e+000	
1.07945032e+002	1.20690367e+000	
1.08050344e+002	1.25621519e+000	
1.08155656e+002	1.25554972e+000	
1.08260969e+002	1.25056957e+000	
1.08366281e+002	1.23850329e+000	
1.08471593e+002	1.07764884e+000	
1.08576905e+002	1.00649108e+000	
1.08682218e+002	9.52990151e-001	
1.08787530e+002	8.71203369e-001	
1.08892842e+002	7.89967021e-001	
1.08998154e+002	7.58605498e-001	
1.09103466e+002	7.37127471e-001	
1.09208779e+002	7.17565710e-001	
1.09314091e+002	7.00080868e-001	
1.09419403e+002	6.88184595e-001	
1.09524715e+002	6.84756795e-001	
1.09630028e+002	6.83366790e-001	
1.09735340e+002	6.83088992e-001	
1.09840652e+002	6.84910036e-001	
1.09945964e+002	7.07806011e-001	
1.10051276e+002	7.36702437e-001	
1.10156589e+002	7.67950765e-001	
1.10261901e+002	8.01275882e-001	
1.10367213e+002	8.36429595e-001	
1.10472525e+002	8.73239001e-001	
1.10577838e+002	9.24168265e-001	
1.10683150e+002	9.75016148e-001	
1.10788462e+002	1.11987124e+000	
1.10893774e+002	1.16565033e+000	
1.10999086e+002	1.25763928e+000	
1.11104399e+002	1.23006390e+000	
1.11209711e+002	1.18439827e+000	
1.11315023e+002	1.14250135e+000	
1.11420335e+002	1.05063853e+000	
1.11525648e+002	9.47303141e-001	
1.11630960e+002	8.47508373e-001	
1.11736272e+002	7.67280076e-001	
1.11841584e+002	7.51946519e-001	
1.11946897e+002	7.36917003e-001	
1.12052209e+002	6.89088045e-001	
1.12157521e+002	5.98845433e-001	
1.12262833e+002	5.09759702e-001	
1.12368145e+002	4.31822696e-001	
1.12473458e+002	3.50569367e-001	
1.12578770e+002	2.61425187e-001	
1.12684082e+002	2.13526837e-001	
1.12789394e+002	2.12894969e-001	
1.12894707e+002	2.43325910e-001	
1.13000019e+002	2.98626950e-001	
1.13105331e+002	3.94937212e-001	
1.13210643e+002	4.88982543e-001	
1.13315955e+002	5.71712083e-001	
1.13421268e+002	6.67428067e-001	
1.13526580e+002	7.46309239e-001	
1.13631892e+002	7.83045801e-001	
1.13737204e+002	7.73564765e-001	
1.13842517e+002	7.64827082e-001	
1.13947829e+002	8.55706610e-001	
1.14053141e+002	9.48994059e-001	
1.14158453e+002	9.97382177e-001	
1.14263765e+002	1.02330548e+000	
1.14369078e+002	1.04752334e+000	
1.14474390e+002	1.07180591e+000	
1.14579702e+002	1.09533300e+000	
1.14685014e+002	1.07904238e+000	
1.14790327e+002	1.06905523e+000	
1.14895639e+002	1.06195517e+000	
1.15000951e+002	1.05477935e+000	
1.15106263e+002	1.04781237e+000	
1.15211576e+002	1.04093897e+000	
1.15316888e+002	1.03406725e+000	
1.15422200e+002	1.02784148e+000	
1.15527512e+002	1.03160533e+000	
1.15632824e+002	1.03536919e+000	
1.15738137e+002	1.03666164e+000	
1.15843449e+002	1.03591020e+000	
1.15948761e+002	1.03520315e+000	
1.16054073e+002	1.03455448e+000	
1.16159386e+002	1.03396430e+000	
1.16264698e+002	1.03343271e+000	
1.16370010e+002	1.04716787e+000	
1.16475322e+002	1.07496275e+000	
1.16580634e+002	1.10672719e+000	
1.16685947e+002	1.15427617e+000	
1.16791259e+002	1.20266862e+000	
1.16896571e+002	1.21958894e+000	
1.17001883e+002	1.21272067e+000	
1.17107196e+002	1.21710976e+000	
1.17212508e+002	1.08237830e+000	
1.17317820e+002	9.81184016e-001	
1.17423132e+002	9.43992216e-001	
1.17528445e+002	8.75067026e-001	
1.17633757e+002	8.06438106e-001	
1.17739069e+002	7.59878136e-001	
1.17844381e+002	7.36378370e-001	
1.17949693e+002	7.19903274e-001	
1.18055006e+002	7.06651953e-001	
1.18160318e+002	6.96808351e-001	
1.18265630e+002	6.90518218e-001	
1.18370942e+002	6.87879043e-001	
1.18476255e+002	6.88517578e-001	
1.18581567e+002	6.92669029e-001	
1.18686879e+002	7.07135813e-001	
1.18792191e+002	7.62510228e-001	
1.18897503e+002	7.89824652e-001	
1.19002816e+002	7.82603177e-001	
1.19108128e+002	7.46174229e-001	
1.19213440e+002	7.33945061e-001	
1.19318752e+002	7.84048954e-001	
1.19424065e+002	8.41787768e-001	
1.19529377e+002	9.31399991e-001	
1.19634689e+002	9.11502423e-001	
1.19740001e+002	9.18175698e-001	
1.19845313e+002	7.50630167e-001	
1.19950626e+002	5.88262915e-001	
1.20055938e+002	4.99659625e-001	
1.20161250e+002	4.13493900e-001	
1.20266562e+002	3.34364347e-001	
1.20371875e+002	2.76721075e-001	
1.20477187e+002	2.50578666e-001	
1.20582499e+002	3.11536136e-001	
1.20687811e+002	3.86240279e-001	
1.20793124e+002	4.42869591e-001	
1.20898436e+002	5.22799081e-001	
1.21003748e+002	6.09066398e-001	
1.21109060e+002	6.46702567e-001	
1.21214372e+002	6.52296748e-001	
1.21319685e+002	6.59936408e-001	
1.21424997e+002	7.57363552e-001	
1.21530309e+002	8.23472158e-001	
1.21635621e+002	8.65342127e-001	
1.21740934e+002	9.07197906e-001	
1.21846246e+002	9.42400063e-001	
1.21951558e+002	9.74132061e-001	
1.22056870e+002	9.69453729e-001	
1.22162182e+002	9.77414977e-001	
1.22267495e+002	9.89936254e-001	
1.22372807e+002	1.00249269e+000	
1.22478119e+002	1.01508299e+000	
1.22583431e+002	1.01506027e+000	
1.22688744e+002	1.01217673e+000	
1.22794056e+002	1.00937891e+000	
1.22899368e+002	1.00806227e+000	
1.23004680e+002	1.00674767e+000	
1.23109992e+002	1.00543512e+000	
1.23215305e+002	1.00412462e+000	
1.23320617e+002	1.00281618e+000	
1.23425929e+002	1.00151766e+000	
1.23531241e+002	1.00031675e+000	
1.23636554e+002	9.99119852e-001	
1.23741866e+002	9.97949502e-001	
1.23847178e+002	9.96789673e-001	
1.23952490e+002	9.95634179e-001	
1.24057803e+002	9.94483035e-001	
1.24163115e+002	9.93336257e-001	
1.24268427e+002	9.97144682e-001	
1.24373739e+002	1.00161217e+000	
1.24479051e+002	1.00512828e+000	
1.24584364e+002	1.00751628e+000	
1.24689676e+002	1.00998642e+000	
1.24794988e+002	1.01251962e+000	
1.24900300e+002	1.01511540e+000	
1.25005613e+002	1.01777329e+000	
1.25110925e+002	1.02440095e+000	
1.25216237e+002	1.03856458e+000	
1.25321549e+002	1.05279205e+000	
1.25426861e+002	1.06037933e+000	
1.25532174e+002	1.06808723e+000	
1.25637486e+002	1.07590755e+000	
1.25742798e+002	1.09875169e+000	
1.25848110e+002	1.05784074e+000	
1.25953423e+002	9.97724557e-001	
1.26058735e+002	8.99754382e-001	
1.26164047e+002	7.26596136e-001	
1.26269359e+002	6.74487210e-001	
1.26374672e+002	6.34212710e-001	
1.26479984e+002	5.86442175e-001	
1.26585296e+002	5.40993431e-001	
1.26690608e+002	5.11424573e-001	
1.26795920e+002	5.24278449e-001	
1.26901233e+002	5.51022893e-001	
1.27006545e+002	5.79438795e-001	
1.27111857e+002	5.76718512e-001	
1.27217169e+002	5.40606065e-001	
1.27322482e+002	5.08681302e-001	
1.27427794e+002	4.86082057e-001	
1.27533106e+002	4.74143667e-001	
1.27638418e+002	4.60078936e-001	
1.27743730e+002	4.26495985e-001	
1.27849043e+002	3.97088887e-001	
1.27954355e+002	3.83422684e-001	
1.28059667e+002	3.96669873e-001	
1.28164979e+002	4.23119500e-001	
1.28270292e+002	4.58191882e-001	
1.28375604e+002	4.89593749e-001	
1.28480916e+002	5.18804673e-001	
1.28586228e+002	5.54993168e-001	
1.28691540e+002	5.81540252e-001	
1.28796853e+002	6.12138486e-001	
1.28902165e+002	6.85267683e-001	
1.29007477e+002	7.58298321e-001	
1.29112789e+002	8.13133651e-001	
1.29218102e+002	8.53564313e-001	
1.29323414e+002	8.98392717e-001	
1.29428726e+002	9.43332789e-001	
1.29534038e+002	9.38218297e-001	
1.29639351e+002	9.46553581e-001	
1.29744663e+002	9.62148489e-001	
1.29849975e+002	9.77755870e-001	
1.29955287e+002	9.76274721e-001	
1.30060599e+002	9.74543127e-001	
1.30165912e+002	9.72990477e-001	
1.30271224e+002	9.75057013e-001	
1.30376536e+002	9.77123549e-001	
1.30481848e+002	9.79190087e-001	
1.30587161e+002	9.81256625e-001	
1.30692473e+002	9.83309134e-001	
1.30797785e+002	9.85288600e-001	
1.30903097e+002	9.87268066e-001	
1.31008409e+002	9.87340407e-001	
1.31113722e+002	9.86283285e-001	
1.31219034e+002	9.85227857e-001	
1.31324346e+002	9.84174129e-001	
1.31429658e+002	9.83122106e-001	
1.31534971e+002	9.82071794e-001	
1.31640283e+002	9.83534443e-001	
1.31745595e+002	9.85500386e-001	
1.31850907e+002	9.87467306e-001	
1.31956220e+002	9.89435197e-001	
1.32061532e+002	9.91404054e-001	
1.32166844e+002	9.93253395e-001	
1.32272156e+002	9.92126787e-001	
1.32377468e+002	9.91000229e-001	
1.32482781e+002	9.89828210e-001	
1.32588093e+002	9.88611715e-001	
1.32693405e+002	9.87395251e-001	
1.32798717e+002	9.86178820e-001	
1.32904030e+002	9.84962421e-001	
1.33009342e+002	9.85788823e-001	
1.33114654e+002	9.87861403e-001	
1.33219966e+002	9.89953551e-001	
1.33325278e+002	9.80287129e-001	
1.33430591e+002	9.65043012e-001	
1.33535903e+002	9.51122232e-001	
1.33641215e+002	9.56277265e-001	
1.33746527e+002	9.32350064e-001	
1.33851840e+002	8.91516576e-001	
1.33957152e+002	8.51162435e-001	
1.34062464e+002	8.03896680e-001	
1.34167776e+002	7.00946395e-001	
1.34273088e+002	6.19965667e-001	
1.34378401e+002	5.98217699e-001	
1.34483713e+002	5.89354042e-001	
1.34589025e+002	5.42642800e-001	
1.34694337e+002	5.06215258e-001	
1.34799650e+002	4.82180736e-001	
1.34904962e+002	4.12463851e-001	
1.35010274e+002	4.02688569e-001	
1.35115586e+002	4.07662904e-001	
1.35220899e+002	4.15763076e-001	
1.35326211e+002	4.27424736e-001	
1.35431523e+002	4.40799220e-001	
1.35536835e+002	4.59056267e-001	
1.35642147e+002	4.81640961e-001	
1.35747460e+002	4.92067227e-001	
1.35852772e+002	5.09606243e-001	
1.35958084e+002	5.44862772e-001	
1.36063396e+002	5.79188013e-001	
1.36168709e+002	5.53189989e-001	
1.36274021e+002	5.26280518e-001	
1.36379333e+002	5.05023207e-001	
1.36484645e+002	5.44308512e-001	
1.36589957e+002	5.99983402e-001	
1.36695270e+002	6.56917344e-001	
1.36800582e+002	7.13472846e-001	
1.36905894e+002	7.76560178e-001	
1.37011206e+002	8.61795102e-001	
1.37116519e+002	1.01610025e+000	
1.37221831e+002	1.08318118e+000	
1.37327143e+002	1.15448550e+000	
1.37432455e+002	1.14889153e+000	
1.37537767e+002	1.12058117e+000	
1.37643080e+002	1.09300394e+000	
1.37748392e+002	1.06629647e+000	
1.37853704e+002	1.04627989e+000	
1.37959016e+002	1.02898260e+000	
1.38064329e+002	1.01653286e+000	
1.38169641e+002	1.01427757e+000	
1.38274953e+002	1.01210438e+000	
1.38380265e+002	1.01001381e+000	
1.38485578e+002	1.00800638e+000	
1.38590890e+002	1.00607983e+000	
1.38696202e+002	1.00379641e+000	
1.38801514e+002	1.00003223e+000	
1.38906826e+002	9.96273889e-001	
1.39012139e+002	9.98340494e-001	
1.39117451e+002	1.00202705e+000	
1.39222763e+002	1.00572376e+000	
1.39328075e+002	1.00943052e+000	
1.39433388e+002	1.01314720e+000	
1.39538700e+002	1.01687675e+000	
1.39644012e+002	1.02061579e+000	
1.39749324e+002	1.02420210e+000	
1.39854636e+002	1.02768069e+000	
1.39959949e+002	1.03116277e+000	
1.40065261e+002	1.03464830e+000	
1.40170573e+002	1.03813725e+000	
1.40275885e+002	1.04162959e+000	
1.40381198e+002	1.04488667e+000	
1.40486510e+002	1.04799513e+000	
1.40591822e+002	1.05110394e+000	
1.40697134e+002	1.04099186e+000	
1.40802447e+002	1.02860174e+000	
1.40907759e+002	1.01624636e+000	
1.41013071e+002	1.00392699e+000	
1.41118383e+002	1.00565408e+000	
1.41223695e+002	9.86483120e-001	
1.41329008e+002	9.49253847e-001	
1.41434320e+002	9.08697009e-001	
1.41539632e+002	8.65770791e-001	
1.41644944e+002	8.19900273e-001	
1.41750257e+002	7.14730869e-001	
1.41855569e+002	6.79136240e-001	
1.41960881e+002	6.72082685e-001	
1.42066193e+002	6.54064862e-001	
1.42171505e+002	5.74635779e-001	
1.42276818e+002	4.86926858e-001	
1.42382130e+002	4.17238077e-001	
1.42487442e+002	3.61977701e-001	
1.42592754e+002	3.17018042e-001	
1.42698067e+002	2.94269453e-001	
1.42803379e+002	3.01299384e-001	
1.42908691e+002	3.54259677e-001	
1.43014003e+002	4.60302294e-001	
1.43119315e+002	5.79183993e-001	
1.43224628e+002	6.80150804e-001	
1.43329940e+002	8.26618237e-001	
1.43435252e+002	9.52980915e-001	
1.43540564e+002	9.28714817e-001	
1.43645877e+002	8.46063932e-001	
1.43751189e+002	7.81464929e-001	
1.43856501e+002	7.16856005e-001	
1.43961813e+002	6.89440923e-001	
1.44067126e+002	7.17659146e-001	
1.44172438e+002	7.41746194e-001	
1.44277750e+002	7.27895708e-001	
1.44383062e+002	7.20347905e-001	
1.44488374e+002	7.20556040e-001	
1.44593687e+002	7.03350211e-001	
1.44698999e+002	6.98129659e-001	
1.44804311e+002	6.96581361e-001	
1.44909623e+002	7.03542310e-001	
1.45014936e+002	7.14482460e-001	
1.45120248e+002	7.29062759e-001	
1.45225560e+002	7.47070107e-001	
1.45330872e+002	7.68263562e-001	
1.45436184e+002	7.92387515e-001	
1.45541497e+002	8.19183108e-001	
1.45646809e+002	8.76496594e-001	
1.45752121e+002	9.39661814e-001	
1.45857433e+002	1.05930636e+000	
1.45962746e+002	1.13484507e+000	
1.46068058e+002	1.22889776e+000	
1.46173370e+002	1.23538644e+000	
1.46278682e+002	1.20873293e+000	
1.46383995e+002	1.18167342e+000	
1.46489307e+002	1.12057739e+000	
1.46594619e+002	1.06598222e+000	
1.46699931e+002	1.04114043e+000	
1.46805243e+002	1.02055675e+000	
1.46910556e+002	1.02154482e+000	
1.47015868e+002	1.02264028e+000	
1.47121180e+002	1.02384280e+000	
1.47226492e+002	1.02515199e+000	
1.47331805e+002	1.02656744e+000	
1.47437117e+002	1.02741535e+000	
1.47542429e+002	1.02378247e+000	
1.47647741e+002	1.02015267e+000	
1.47753053e+002	1.02232646e+000	
1.47858366e+002	1.02827100e+000	
1.47963678e+002	1.03421566e+000	
1.48068990e+002	1.04016045e+000	
1.48174302e+002	1.04671096e+000	
1.48279615e+002	1.05320730e+000	
1.48384927e+002	1.05983970e+000	
1.48490239e+002	1.07367112e+000	
1.48595551e+002	1.06250947e+000	
1.48700863e+002	1.03688073e+000	
1.48806176e+002	1.01125200e+000	
1.48911488e+002	9.85623277e-001	
1.49016800e+002	9.46767367e-001	
1.49122112e+002	8.62068558e-001	
1.49227425e+002	7.64660816e-001	
1.49332737e+002	7.42567501e-001	
1.49438049e+002	7.21795904e-001	
1.49543361e+002	6.89097808e-001	
1.49648674e+002	6.53500098e-001	
1.49753986e+002	5.74029218e-001	
1.49859298e+002	4.68488869e-001	
1.49964610e+002	3.83180056e-001	
1.50069922e+002	3.04412788e-001	
1.50175235e+002	2.49916780e-001	
1.50280547e+002	2.30031250e-001	
1.50385859e+002	2.39653223e-001	
1.50491171e+002	2.77466788e-001	
1.50596484e+002	3.62438985e-001	
1.50701796e+002	4.48747717e-001	
1.50807108e+002	5.19563185e-001	
1.50912420e+002	6.02836878e-001	
1.51017732e+002	6.94195048e-001	
1.51123045e+002	7.60977082e-001	
1.51228357e+002	7.76428974e-001	
1.51333669e+002	7.92258630e-001	
1.51438981e+002	8.46867961e-001	
1.51544294e+002	9.44509469e-001	
1.51649606e+002	1.04353883e+000	
1.51754918e+002	1.13246295e+000	
1.51860230e+002	1.21251035e+000	
1.51965542e+002	1.27506962e+000	
1.52070855e+002	1.25035143e+000	
1.52176167e+002	1.25459375e+000	
1.52281479e+002	1.12469135e+000	
1.52386791e+002	1.06783296e+000	
1.52492104e+002	1.03510370e+000	
1.52597416e+002	9.75857927e-001	
1.52702728e+002	8.99335206e-001	
1.52808040e+002	8.23222516e-001	
1.52913353e+002	7.87984227e-001	
1.53018665e+002	7.57694996e-001	
1.53123977e+002	7.29122607e-001	
1.53229289e+002	7.02476585e-001	
1.53334601e+002	6.77984097e-001	
1.53439914e+002	6.61517417e-001	
1.53545226e+002	6.56011076e-001	
1.53650538e+002	6.63839016e-001	
1.53755850e+002	6.78224658e-001	
1.53861163e+002	6.96299708e-001	
1.53966475e+002	7.17785504e-001	
1.54071787e+002	7.42385968e-001	
1.54177099e+002	7.73059011e-001	
1.54282411e+002	8.43087857e-001	
1.54387724e+002	9.13799582e-001	
1.54493036e+002	9.52465159e-001	
1.54598348e+002	9.75426498e-001	
1.54703660e+002	1.05159329e+000	
1.54808973e+002	1.18432368e+000	
1.54914285e+002	1.17073694e+000	
1.55019597e+002	1.18529192e+000	
1.55124909e+002	1.17790116e+000	
1.55230222e+002	1.12007257e+000	
1.55335534e+002	1.07077575e+000	
1.55440846e+002	1.04399199e+000	
1.55546158e+002	1.01722667e+000	
1.55651470e+002	1.01578131e+000	
1.55756783e+002	1.01760576e+000	
1.55862095e+002	1.01947017e+000	
1.55967407e+002	9.96906030e-001	
1.56072719e+002	9.73052968e-001	
1.56178032e+002	9.59164152e-001	
1.56283344e+002	9.67788764e-001	
1.56388656e+002	9.41160265e-001	
1.56493968e+002	9.04045336e-001	
1.56599280e+002	8.43813037e-001	
1.56704593e+002	7.83955022e-001	
1.56809905e+002	7.38371862e-001	
1.56915217e+002	7.18046931e-001	
1.57020529e+002	7.04537170e-001	
1.57125842e+002	6.72277754e-001	
1.57231154e+002	5.63953124e-001	
1.57336466e+002	4.88230054e-001	
1.57441778e+002	4.33752606e-001	
1.57547090e+002	3.89976095e-001	
1.57652403e+002	3.60816683e-001	
1.57757715e+002	3.02569491e-001	
1.57863027e+002	2.60899137e-001	
