% Column 0: Length, mm
% Column 1: |B|, Tesla
0.00000000e+000	8.99813858e-002	
1.05312226e-001	1.12164392e-001	
2.10624453e-001	1.37278031e-001	
3.15936679e-001	1.74633071e-001	
4.21248905e-001	2.12739797e-001	
5.26561131e-001	2.51256428e-001	
6.31873358e-001	2.67065283e-001	
7.37185584e-001	2.62268816e-001	
8.42497810e-001	3.32420812e-001	
9.47810036e-001	4.19772907e-001	
1.05312226e+000	4.95360480e-001	
1.15843449e+000	5.47735891e-001	
1.26374672e+000	6.54382059e-001	
1.36905894e+000	7.61624578e-001	
1.47437117e+000	8.17453185e-001	
1.57968339e+000	8.56660919e-001	
1.68499562e+000	8.54205856e-001	
1.79030785e+000	8.84866892e-001	
1.89562007e+000	9.29197503e-001	
2.00093230e+000	9.72685957e-001	
2.10624453e+000	9.92913119e-001	
2.21155675e+000	1.01315518e+000	
2.31686898e+000	1.03750091e+000	
2.42218120e+000	1.09402211e+000	
2.52749343e+000	1.15077452e+000	
2.63280566e+000	1.21840555e+000	
2.73811788e+000	1.29026913e+000	
2.84343011e+000	1.30912776e+000	
2.94874234e+000	1.30488681e+000	
3.05405456e+000	1.33050678e+000	
3.15936679e+000	1.19552829e+000	
3.26467901e+000	1.12019029e+000	
3.36999124e+000	1.09130618e+000	
3.47530347e+000	1.04449624e+000	
3.58061569e+000	9.60914774e-001	
3.68592792e+000	8.77727856e-001	
3.79124015e+000	8.33359835e-001	
3.89655237e+000	7.94240734e-001	
4.00186460e+000	7.57422389e-001	
4.10717682e+000	7.23256253e-001	
4.21248905e+000	6.92135204e-001	
4.31780128e+000	6.67601980e-001	
4.42311350e+000	6.58590231e-001	
4.52842573e+000	6.63690227e-001	
4.63373796e+000	6.79683772e-001	
4.73905018e+000	6.99257961e-001	
4.84436241e+000	7.22121678e-001	
4.94967463e+000	7.47973325e-001	
5.05498686e+000	7.78493828e-001	
5.16029909e+000	8.33821511e-001	
5.26561131e+000	8.90019814e-001	
5.37092354e+000	9.31154914e-001	
5.47623577e+000	9.48823645e-001	
5.58154799e+000	9.79078516e-001	
5.68686022e+000	1.07313761e+000	
5.79217244e+000	1.00608723e+000	
5.89748467e+000	9.78990687e-001	
6.00279690e+000	8.93578591e-001	
6.10810912e+000	7.93557574e-001	
6.21342135e+000	6.81717172e-001	
6.31873358e+000	5.33531475e-001	
6.42404580e+000	3.91595894e-001	
6.52935803e+000	3.24673192e-001	
6.63467025e+000	2.46184527e-001	
6.73998248e+000	1.67959091e-001	
6.84529471e+000	1.28651516e-001	
6.95060693e+000	1.12148214e-001	
7.05591916e+000	9.69525429e-002	
7.16123139e+000	8.37345880e-002	
7.26654361e+000	6.62286539e-002	
7.37185584e+000	4.93419234e-002	
7.47716806e+000	6.04277012e-002	
7.58248029e+000	7.92291268e-002	
7.68779252e+000	1.00992173e-001	
7.79310474e+000	1.21663275e-001	
7.89841697e+000	1.39689056e-001	
8.00372920e+000	1.58306435e-001	
8.10904142e+000	1.77022347e-001	
8.21435365e+000	1.95738726e-001	
8.31966587e+000	2.46576468e-001	
8.42497810e+000	3.01714128e-001	
8.53029033e+000	3.57026111e-001	
8.63560255e+000	4.41525272e-001	
8.74091478e+000	5.97285611e-001	
8.84622701e+000	7.24146562e-001	
8.95153923e+000	7.95030857e-001	
9.05685146e+000	8.46363938e-001	
9.16216368e+000	8.97927784e-001	
9.26747591e+000	9.49684806e-001	
9.37278814e+000	9.81830484e-001	
9.47810036e+000	9.81655279e-001	
9.58341259e+000	9.94859067e-001	
9.68872482e+000	1.00844978e+000	
9.79403704e+000	1.02200996e+000	
9.89934927e+000	1.03296759e+000	
1.00046615e+001	1.04397455e+000	
1.01099737e+001	1.05502929e+000	
1.02152859e+001	1.06517966e+000	
1.03205982e+001	1.07392417e+000	
1.04259104e+001	1.08272919e+000	
1.05312226e+001	1.08659983e+000	
1.06365349e+001	1.08981878e+000	
1.07418471e+001	1.09306382e+000	
1.08471593e+001	1.09633472e+000	
1.09524715e+001	1.09963125e+000	
1.10577838e+001	1.10295319e+000	
1.11630960e+001	1.12246205e+000	
1.12684082e+001	1.14520967e+000	
1.13737204e+001	1.18422605e+000	
1.14790327e+001	1.23754465e+000	
1.15843449e+001	1.25526536e+000	
1.16896571e+001	1.23723176e+000	
1.17949693e+001	1.22828131e+000	
1.19002816e+001	1.11585636e+000	
1.20055938e+001	1.00990010e+000	
1.21109060e+001	9.46920169e-001	
1.22162182e+001	8.85009461e-001	
1.23215305e+001	8.25599733e-001	
1.24268427e+001	7.80107641e-001	
1.25321549e+001	7.23906938e-001	
1.26374672e+001	6.71880525e-001	
1.27427794e+001	6.25071588e-001	
1.28480916e+001	5.95400101e-001	
1.29534038e+001	5.82214251e-001	
1.30587161e+001	5.79836658e-001	
1.31640283e+001	5.82262262e-001	
1.32693405e+001	5.88520923e-001	
1.33746527e+001	5.99372693e-001	
1.34799650e+001	6.27726523e-001	
1.35852772e+001	6.75208661e-001	
1.36905894e+001	6.77157265e-001	
1.37959016e+001	6.18346885e-001	
1.39012139e+001	5.44816463e-001	
1.40065261e+001	5.18465728e-001	
1.41118383e+001	4.77505056e-001	
1.42171505e+001	4.31072791e-001	
1.43224628e+001	4.29439263e-001	
1.44277750e+001	3.60088729e-001	
1.45330872e+001	3.40289893e-001	
1.46383995e+001	2.59716923e-001	
1.47437117e+001	2.03471804e-001	
1.48490239e+001	1.72962060e-001	
1.49543361e+001	1.52477921e-001	
1.50596484e+001	1.29340609e-001	
1.51649606e+001	1.04330518e-001	
1.52702728e+001	8.91386525e-002	
1.53755850e+001	9.27079763e-002	
1.54808973e+001	9.49145247e-002	
1.55862095e+001	9.53925450e-002	
1.56915217e+001	9.92537735e-002	
1.57968339e+001	1.15525405e-001	
1.59021462e+001	1.64221265e-001	
1.60074584e+001	2.23654558e-001	
1.61127706e+001	3.25784097e-001	
1.62180828e+001	5.25660670e-001	
1.63233951e+001	5.89324837e-001	
1.64287073e+001	6.47456947e-001	
1.65340195e+001	7.02198784e-001	
1.66393317e+001	7.53775411e-001	
1.67446440e+001	7.86175138e-001	
1.68499562e+001	7.99489065e-001	
1.69552684e+001	8.34126407e-001	
1.70605807e+001	8.69096969e-001	
1.71658929e+001	9.04362095e-001	
1.72712051e+001	9.37655806e-001	
1.73765173e+001	9.58281843e-001	
1.74818296e+001	9.78929782e-001	
1.75871418e+001	9.93556101e-001	
1.76924540e+001	9.98644306e-001	
1.77977662e+001	1.00373444e+000	
1.79030785e+001	1.00882647e+000	
1.80083907e+001	1.01392038e+000	
1.81137029e+001	1.01901612e+000	
1.82190151e+001	1.02413096e+000	
1.83243274e+001	1.02927659e+000	
1.84296396e+001	1.03441714e+000	
1.85349518e+001	1.03946929e+000	
1.86402640e+001	1.04452859e+000	
1.87455763e+001	1.04959493e+000	
1.88508885e+001	1.05466821e+000	
1.89562007e+001	1.05786243e+000	
1.90615130e+001	1.05425307e+000	
1.91668252e+001	1.05065908e+000	
1.92721374e+001	1.04434680e+000	
1.93774496e+001	1.03731825e+000	
1.94827619e+001	1.03030764e+000	
1.95880741e+001	1.02329978e+000	
1.96933863e+001	1.01629474e+000	
1.97986985e+001	1.00929257e+000	
1.99040108e+001	1.00146700e+000	
2.00093230e+001	9.93250511e-001	
2.01146352e+001	9.82611758e-001	
2.02199474e+001	9.66590780e-001	
2.03252597e+001	9.50616616e-001	
2.04305719e+001	9.34644167e-001	
2.05358841e+001	9.36171552e-001	
2.06411963e+001	8.28011497e-001	
2.07465086e+001	7.61340331e-001	
2.08518208e+001	6.39500210e-001	
2.09571330e+001	5.29788239e-001	
2.10624453e+001	5.03566369e-001	
2.11677575e+001	4.64964679e-001	
2.12730697e+001	4.01947501e-001	
2.13783819e+001	3.50937060e-001	
2.14836942e+001	3.61096181e-001	
2.15890064e+001	3.26859706e-001	
2.16943186e+001	2.78766964e-001	
2.17996308e+001	2.37613938e-001	
2.19049431e+001	2.37494120e-001	
2.20102553e+001	2.28904042e-001	
2.21155675e+001	2.20323651e-001	
2.22208797e+001	2.11743554e-001	
2.23261920e+001	2.03163789e-001	
2.24315042e+001	1.92963235e-001	
2.25368164e+001	1.82095294e-001	
2.26421286e+001	1.73190798e-001	
2.27474409e+001	1.73919847e-001	
2.28527531e+001	1.75115132e-001	
2.29580653e+001	1.73078541e-001	
2.30633776e+001	1.69817361e-001	
2.31686898e+001	1.61092568e-001	
2.32740020e+001	1.54526287e-001	
2.33793142e+001	1.70655435e-001	
2.34846265e+001	2.05128140e-001	
2.35899387e+001	2.70258824e-001	
2.36952509e+001	3.86135586e-001	
2.38005631e+001	5.08712365e-001	
2.39058754e+001	5.79717245e-001	
2.40111876e+001	6.44926576e-001	
2.41164998e+001	7.09871366e-001	
2.42218120e+001	7.55268750e-001	
2.43271243e+001	7.67174417e-001	
2.44324365e+001	8.05789073e-001	
2.45377487e+001	8.46262592e-001	
2.46430609e+001	8.80390348e-001	
2.47483732e+001	9.00953902e-001	
2.48536854e+001	9.21730147e-001	
2.49589976e+001	9.39365828e-001	
2.50643099e+001	9.51543455e-001	
2.51696221e+001	9.63759195e-001	
2.52749343e+001	9.76011619e-001	
2.53802465e+001	9.88299361e-001	
2.54855588e+001	1.00045784e+000	
2.55908710e+001	1.01248021e+000	
2.56961832e+001	1.02453164e+000	
2.58014954e+001	1.03036888e+000	
2.59068077e+001	1.03595400e+000	
2.60121199e+001	1.04153913e+000	
2.61174321e+001	1.04712426e+000	
2.62227443e+001	1.05270940e+000	
2.63280566e+001	1.05644482e+000	
2.64333688e+001	1.05093170e+000	
2.65386810e+001	1.04541861e+000	
2.66439932e+001	1.03990556e+000	
2.67493055e+001	1.03439254e+000	
2.68546177e+001	1.02887955e+000	
2.69599299e+001	1.02110210e+000	
2.70652421e+001	1.00952346e+000	
2.71705544e+001	9.97971543e-001	
2.72758666e+001	9.86185365e-001	
2.73811788e+001	9.74379849e-001	
2.74864911e+001	9.62606645e-001	
2.75918033e+001	9.50866952e-001	
2.76971155e+001	9.39162028e-001	
2.78024277e+001	9.20508229e-001	
2.79077400e+001	9.01728341e-001	
2.80130522e+001	8.82824850e-001	
2.81183644e+001	8.43549939e-001	
2.82236766e+001	8.04455904e-001	
2.83289889e+001	7.75160955e-001	
2.84343011e+001	7.68943674e-001	
2.85396133e+001	7.07946797e-001	
2.86449255e+001	6.49250589e-001	
2.87502378e+001	5.84238869e-001	
2.88555500e+001	4.76325810e-001	
2.89608622e+001	3.15884700e-001	
2.90661744e+001	2.25799685e-001	
2.91714867e+001	1.62843363e-001	
2.92767989e+001	1.40467986e-001	
2.93821111e+001	1.46912224e-001	
2.94874234e+001	1.49350166e-001	
2.95927356e+001	1.45780162e-001	
2.96980478e+001	1.42701517e-001	
2.98033600e+001	1.42526491e-001	
2.99086723e+001	1.42005153e-001	
3.00139845e+001	1.44910397e-001	
3.01192967e+001	1.52932086e-001	
3.02246089e+001	1.57639970e-001	
3.03299212e+001	1.62374567e-001	
3.04352334e+001	1.67133606e-001	
3.05405456e+001	1.79663065e-001	
3.06458578e+001	1.92350831e-001	
3.07511701e+001	2.05011080e-001	
3.08564823e+001	2.18451321e-001	
3.09617945e+001	2.64641723e-001	
3.10671067e+001	3.13591799e-001	
3.11724190e+001	3.28632703e-001	
3.12777312e+001	3.51965165e-001	
3.13830434e+001	4.19490341e-001	
3.14883557e+001	4.95501123e-001	
3.15936679e+001	5.51653512e-001	
3.16989801e+001	6.19418831e-001	
3.18042923e+001	7.24439155e-001	
3.19096046e+001	8.43490485e-001	
3.20149168e+001	9.42588794e-001	
3.21202290e+001	9.97562439e-001	
3.22255412e+001	1.01187050e+000	
3.23308535e+001	1.01922600e+000	
3.24361657e+001	1.02691957e+000	
3.25414779e+001	1.03494995e+000	
3.26467901e+001	1.04079893e+000	
3.27521024e+001	1.04665389e+000	
3.28574146e+001	1.05224873e+000	
3.29627268e+001	1.05770571e+000	
3.30680390e+001	1.06316305e+000	
3.31733513e+001	1.06862073e+000	
3.32786635e+001	1.07407874e+000	
3.33839757e+001	1.07957515e+000	
3.34892880e+001	1.08312836e+000	
3.35946002e+001	1.08511500e+000	
3.36999124e+001	1.08624460e+000	
3.38052246e+001	1.08070842e+000	
3.39105369e+001	1.07517483e+000	
3.40158491e+001	1.06964387e+000	
3.41211613e+001	1.06411559e+000	
3.42264735e+001	1.05856837e+000	
3.43317858e+001	1.05294579e+000	
3.44370980e+001	1.04732628e+000	
3.45424102e+001	1.04131472e+000	
3.46477224e+001	1.03527194e+000	
3.47530347e+001	1.02923068e+000	
3.48583469e+001	1.02319098e+000	
3.49636591e+001	1.01715286e+000	
3.50689713e+001	1.01111636e+000	
3.51742836e+001	9.94459996e-001	
3.52795958e+001	9.77208950e-001	
3.53849080e+001	9.56775414e-001	
3.54902203e+001	9.22348940e-001	
3.55955325e+001	8.88151536e-001	
3.57008447e+001	8.54210714e-001	
3.58061569e+001	8.26025123e-001	
3.59114692e+001	8.18619516e-001	
3.60167814e+001	7.68619144e-001	
3.61220936e+001	7.17305559e-001	
3.62274058e+001	6.58962662e-001	
3.63327181e+001	6.01335028e-001	
3.64380303e+001	4.89072286e-001	
3.65433425e+001	2.92866447e-001	
3.66486547e+001	2.28932985e-001	
3.67539670e+001	1.66747126e-001	
3.68592792e+001	1.18753862e-001	
3.69645914e+001	1.01709954e-001	
3.70699036e+001	9.23039980e-002	
3.71752159e+001	8.58632945e-002	
3.72805281e+001	8.81711107e-002	
3.73858403e+001	9.15051043e-002	
3.74911525e+001	9.87551059e-002	
3.75964648e+001	1.11348173e-001	
3.77017770e+001	1.43454267e-001	
3.78070892e+001	1.83357248e-001	
3.79124015e+001	2.21808927e-001	
3.80177137e+001	2.43845517e-001	
3.81230259e+001	3.32804468e-001	
3.82283381e+001	3.74875864e-001	
3.83336504e+001	3.88821640e-001	
3.84389626e+001	4.17548909e-001	
3.85442748e+001	4.67827354e-001	
3.86495870e+001	5.04958601e-001	
3.87548993e+001	5.47850918e-001	
3.88602115e+001	6.27431133e-001	
3.89655237e+001	6.70806868e-001	
3.90708359e+001	6.75282859e-001	
3.91761482e+001	6.28015242e-001	
3.92814604e+001	5.98413183e-001	
3.93867726e+001	5.93129277e-001	
3.94920848e+001	5.91492458e-001	
3.95973971e+001	5.93158035e-001	
3.97027093e+001	6.03548505e-001	
3.98080215e+001	6.25568655e-001	
3.99133338e+001	6.55193954e-001	
4.00186460e+001	6.93117883e-001	
4.01239582e+001	7.37830327e-001	
4.02292704e+001	7.87248933e-001	
4.03345827e+001	8.41649181e-001	
4.04398949e+001	9.02519591e-001	
4.05452071e+001	9.63333120e-001	
4.06505193e+001	1.10627370e+000	
4.07558316e+001	1.18800349e+000	
4.08611438e+001	1.26113460e+000	
4.09664560e+001	1.26260505e+000	
4.10717682e+001	1.24378125e+000	
4.11770805e+001	1.22660907e+000	
4.12823927e+001	1.15236094e+000	
4.13877049e+001	1.11819820e+000	
4.14930171e+001	1.09468323e+000	
4.15983294e+001	1.08033058e+000	
4.17036416e+001	1.07518946e+000	
4.18089538e+001	1.07007752e+000	
4.19142661e+001	1.06499517e+000	
4.20195783e+001	1.05994283e+000	
4.21248905e+001	1.05492370e+000	
4.22302027e+001	1.04761358e+000	
4.23355150e+001	1.03753554e+000	
4.24408272e+001	1.02750070e+000	
4.25461394e+001	1.01425628e+000	
4.26514516e+001	1.00087291e+000	
4.27567639e+001	9.87564140e-001	
4.28620761e+001	9.74252277e-001	
4.29673883e+001	9.60847508e-001	
4.30727005e+001	9.47414315e-001	
4.31780128e+001	9.38667862e-001	
4.32833250e+001	9.42869444e-001	
4.33886372e+001	8.85347732e-001	
4.34939494e+001	8.26584490e-001	
4.35992617e+001	7.67904119e-001	
4.37045739e+001	7.08956282e-001	
4.38098861e+001	6.49864523e-001	
4.39151984e+001	4.81430584e-001	
4.40205106e+001	3.55689421e-001	
4.41258228e+001	2.80276063e-001	
4.42311350e+001	2.09099494e-001	
4.43364473e+001	1.66825613e-001	
4.44417595e+001	1.29402487e-001	
4.45470717e+001	1.07255837e-001	
4.46523839e+001	9.00174572e-002	
4.47576962e+001	7.62849697e-002	
4.48630084e+001	6.30779934e-002	
4.49683206e+001	5.54986927e-002	
4.50736328e+001	5.61062117e-002	
4.51789451e+001	6.44115319e-002	
4.52842573e+001	8.00120786e-002	
4.53895695e+001	1.00144137e-001	
4.54948817e+001	1.19672482e-001	
4.56001940e+001	1.38837828e-001	
4.57055062e+001	1.58497845e-001	
4.58108184e+001	1.83899036e-001	
4.59161306e+001	2.43636599e-001	
4.60214429e+001	3.24039035e-001	
4.61267551e+001	4.04456139e-001	
4.62320673e+001	5.10043463e-001	
4.63373796e+001	6.69206583e-001	
4.64426918e+001	8.23646550e-001	
4.65480040e+001	9.27724193e-001	
4.66533162e+001	9.82567599e-001	
4.67586285e+001	1.03831547e+000	
4.68639407e+001	1.18662260e+000	
4.69692529e+001	1.13105042e+000	
4.70745651e+001	1.10716166e+000	
4.71798774e+001	1.04203089e+000	
4.72851896e+001	9.39181809e-001	
4.73905018e+001	8.74324176e-001	
4.74958140e+001	8.42655774e-001	
4.76011263e+001	8.18866196e-001	
4.77064385e+001	7.96286579e-001	
4.78117507e+001	7.81566199e-001	
4.79170629e+001	7.68926211e-001	
4.80223752e+001	7.58470632e-001	
4.81276874e+001	7.50290790e-001	
4.82329996e+001	7.44461703e-001	
4.83383119e+001	7.40216051e-001	
4.84436241e+001	7.35647602e-001	
4.85489363e+001	7.34390614e-001	
4.86542485e+001	7.37219481e-001	
4.87595608e+001	7.53873202e-001	
4.88648730e+001	7.87878286e-001	
4.89701852e+001	8.25961918e-001	
4.90754974e+001	8.67587168e-001	
4.91808097e+001	9.22099775e-001	
4.92861219e+001	9.76984623e-001	
4.93914341e+001	1.09372684e+000	
4.94967463e+001	1.17046997e+000	
4.96020586e+001	1.26349468e+000	
4.97073708e+001	1.26381975e+000	
4.98126830e+001	1.22841879e+000	
4.99179952e+001	1.19495951e+000	
5.00233075e+001	1.11049673e+000	
5.01286197e+001	1.04236170e+000	
5.02339319e+001	9.94459101e-001	
5.03392442e+001	9.52662314e-001	
5.04445564e+001	9.31837599e-001	
5.05498686e+001	9.11012949e-001	
5.06551808e+001	8.81495625e-001	
5.07604931e+001	8.29677371e-001	
5.08658053e+001	7.78293487e-001	
5.09711175e+001	7.55725332e-001	
5.10764297e+001	7.43771510e-001	
5.11817420e+001	6.90444636e-001	
5.12870542e+001	6.07192532e-001	
5.13923664e+001	4.96392218e-001	
5.14976786e+001	3.88442027e-001	
5.16029909e+001	3.42611676e-001	
5.17083031e+001	2.57219717e-001	
5.18136153e+001	1.72423392e-001	
5.19189275e+001	1.33756847e-001	
5.20242398e+001	1.39284850e-001	
5.21295520e+001	1.19360779e-001	
5.22348642e+001	1.00492180e-001	
5.23401765e+001	9.39960049e-002	
5.24454887e+001	9.81371360e-002	
5.25508009e+001	9.21857041e-002	
5.26561131e+001	9.74410601e-002	
5.27614254e+001	1.20141331e-001	
5.28667376e+001	1.49975934e-001	
5.29720498e+001	1.87693803e-001	
5.30773620e+001	2.26015773e-001	
5.31826743e+001	2.64679577e-001	
5.32879865e+001	2.65770162e-001	
5.33932987e+001	2.75103244e-001	
5.34986109e+001	3.61289078e-001	
5.36039232e+001	4.49019095e-001	
5.37092354e+001	5.08967207e-001	
5.38145476e+001	5.82826406e-001	
5.39198598e+001	6.89563410e-001	
5.40251721e+001	7.89073707e-001	
5.41304843e+001	8.31376722e-001	
5.42357965e+001	8.53754946e-001	
5.43411088e+001	8.54312637e-001	
5.44464210e+001	8.97806213e-001	
5.45517332e+001	9.41776824e-001	
5.46570454e+001	9.76406451e-001	
5.47623577e+001	9.95714339e-001	
5.48676699e+001	1.01509678e+000	
5.49729821e+001	1.05246177e+000	
5.50782943e+001	1.11210995e+000	
5.51836066e+001	1.17172598e+000	
5.52889188e+001	1.23065802e+000	
5.53942310e+001	1.29053101e+000	
5.54995432e+001	1.32095533e+000	
5.56048555e+001	1.31764833e+000	
5.57101677e+001	1.32691623e+000	
5.58154799e+001	1.20144156e+000	
5.59207921e+001	1.08423302e+000	
5.60261044e+001	1.05010934e+000	
5.61314166e+001	9.80565345e-001	
5.62367288e+001	9.10641240e-001	
5.63420410e+001	8.55615246e-001	
5.64473533e+001	8.15409902e-001	
5.65526655e+001	7.77428813e-001	
5.66579777e+001	7.42013613e-001	
5.67632900e+001	7.09756180e-001	
5.68686022e+001	6.96415262e-001	
5.69739144e+001	6.85725674e-001	
5.70792266e+001	6.77002605e-001	
5.71845389e+001	6.70803164e-001	
5.72898511e+001	6.80027789e-001	
5.73951633e+001	7.04399588e-001	
5.75004755e+001	7.31986404e-001	
5.76057878e+001	7.62439337e-001	
5.77111000e+001	7.95429268e-001	
5.78164122e+001	8.30653976e-001	
5.79217244e+001	8.66235201e-001	
5.80270367e+001	9.01144076e-001	
5.81323489e+001	9.87272890e-001	
5.82376611e+001	1.02162168e+000	
5.83429733e+001	1.06072063e+000	
5.84482856e+001	1.04482246e+000	
5.85535978e+001	9.64173383e-001	
5.86589100e+001	8.86227977e-001	
5.87642223e+001	7.94654260e-001	
5.88695345e+001	6.56894932e-001	
5.89748467e+001	5.01087520e-001	
5.90801589e+001	3.76266043e-001	
5.91854712e+001	2.98533722e-001	
5.92907834e+001	2.20113871e-001	
5.93960956e+001	1.50819305e-001	
5.95014078e+001	1.22958985e-001	
5.96067201e+001	1.06890756e-001	
5.97120323e+001	9.22586613e-002	
5.98173445e+001	7.82635941e-002	
5.99226567e+001	6.04974780e-002	
6.00279690e+001	5.13461587e-002	
6.01332812e+001	6.63345157e-002	
6.02385934e+001	8.65007971e-002	
6.03439056e+001	1.09008200e-001	
6.04492179e+001	1.28442658e-001	
6.05545301e+001	1.47187854e-001	
6.06598423e+001	1.66233758e-001	
6.07651546e+001	1.85273414e-001	
6.08704668e+001	2.12088897e-001	
6.09757790e+001	2.67391224e-001	
6.10810912e+001	3.23961893e-001	
6.11864035e+001	3.80886667e-001	
6.12917157e+001	4.87986503e-001	
6.13970279e+001	6.45650280e-001	
6.15023401e+001	7.47964813e-001	
6.16076524e+001	8.11538363e-001	
6.17129646e+001	8.62758718e-001	
6.18182768e+001	9.14196697e-001	
6.19235890e+001	9.65817530e-001	
6.20289013e+001	9.80288311e-001	
6.21342135e+001	9.85405587e-001	
6.22395257e+001	9.99071215e-001	
6.23448379e+001	1.01277383e+000	
6.24501502e+001	1.02552452e+000	
6.25554624e+001	1.03650965e+000	
6.26607746e+001	1.04754322e+000	
6.27660869e+001	1.05862369e+000	
6.28713991e+001	1.06792176e+000	
6.29767113e+001	1.07659504e+000	
6.30820235e+001	1.08414335e+000	
6.31873358e+001	1.08733810e+000	
6.32926480e+001	1.09054085e+000	
6.33979602e+001	1.09375120e+000	
6.35032724e+001	1.09696906e+000	
6.36085847e+001	1.10019439e+000	
6.37138969e+001	1.10717838e+000	
6.38192091e+001	1.13254332e+000	
6.39245213e+001	1.15791581e+000	
6.40298336e+001	1.19531926e+000	
6.41351458e+001	1.23533986e+000	
6.42404580e+001	1.26357285e+000	
6.43457702e+001	1.25126981e+000	
6.44510825e+001	1.23858325e+000	
6.45563947e+001	1.14544446e+000	
6.46617069e+001	9.89817344e-001	
6.47670192e+001	9.54866925e-001	
6.48723314e+001	8.76596110e-001	
6.49776436e+001	7.98649564e-001	
6.50829558e+001	7.31863479e-001	
6.51882681e+001	6.97230628e-001	
6.52935803e+001	6.72730775e-001	
6.53988925e+001	6.52692778e-001	
6.55042047e+001	6.37537487e-001	
6.56095170e+001	6.27618714e-001	
6.57148292e+001	6.23186548e-001	
6.58201414e+001	6.17805741e-001	
6.59254536e+001	6.06143750e-001	
6.60307659e+001	5.97405246e-001	
6.61360781e+001	6.28457544e-001	
6.62413903e+001	6.71000209e-001	
6.63467025e+001	6.60834944e-001	
6.64520148e+001	5.79094843e-001	
6.65573270e+001	5.05020518e-001	
6.66626392e+001	4.99640779e-001	
6.67679514e+001	4.60727993e-001	
6.68732637e+001	4.21891084e-001	
6.69785759e+001	4.06637280e-001	
6.70838881e+001	3.69594044e-001	
6.71892004e+001	2.94154530e-001	
6.72945126e+001	2.50990154e-001	
6.73998248e+001	2.33935490e-001	
6.75051370e+001	1.85006956e-001	
6.76104493e+001	1.36322448e-001	
6.77157615e+001	1.19009474e-001	
6.78210737e+001	1.06634317e-001	
6.79263859e+001	1.00628031e-001	
6.80316982e+001	9.66225147e-002	
6.81370104e+001	9.45887444e-002	
6.82423226e+001	9.63686844e-002	
6.83476348e+001	1.01648553e-001	
6.84529471e+001	1.29166472e-001	
6.85582593e+001	1.86778562e-001	
6.86635715e+001	2.49488505e-001	
6.87688837e+001	3.88772157e-001	
6.88741960e+001	5.45778386e-001	
6.89795082e+001	6.02344281e-001	
6.90848204e+001	6.60687456e-001	
6.91901327e+001	7.13430945e-001	
6.92954449e+001	7.68310772e-001	
6.94007571e+001	7.86028269e-001	
6.95060693e+001	8.08362508e-001	
6.96113816e+001	8.43068388e-001	
6.97166938e+001	8.78070459e-001	
6.98220060e+001	9.13334666e-001	
6.99273182e+001	9.41522913e-001	
7.00326305e+001	9.61931654e-001	
7.01379427e+001	9.82363222e-001	
7.02432549e+001	9.92329616e-001	
7.03485671e+001	9.98242421e-001	
7.04538794e+001	1.00415763e+000	
7.05591916e+001	1.01007520e+000	
7.06645038e+001	1.01599509e+000	
7.07698160e+001	1.02191727e+000	
7.08751283e+001	1.02797592e+000	
7.09804405e+001	1.03408846e+000	
7.10857527e+001	1.04016502e+000	
7.11910650e+001	1.04619543e+000	
7.12963772e+001	1.05223345e+000	
7.14016894e+001	1.05827893e+000	
7.15070016e+001	1.06433176e+000	
7.16123139e+001	1.06510244e+000	
7.17176261e+001	1.06157118e+000	
7.18229383e+001	1.05765937e+000	
7.19282505e+001	1.05052296e+000	
7.20335628e+001	1.04348042e+000	
7.21388750e+001	1.03644865e+000	
7.22441872e+001	1.02942787e+000	
7.23494994e+001	1.02241831e+000	
7.24548117e+001	1.01538716e+000	
7.25601239e+001	1.00512438e+000	
7.26654361e+001	9.94862800e-001	
7.27707483e+001	9.88009258e-001	
7.28760606e+001	9.83170163e-001	
7.29813728e+001	9.59115206e-001	
7.30866850e+001	9.18597434e-001	
7.31919973e+001	8.87013166e-001	
7.32973095e+001	7.67829436e-001	
7.34026217e+001	6.79903556e-001	
7.35079339e+001	6.29769845e-001	
7.36132462e+001	5.59567975e-001	
7.37185584e+001	5.09495437e-001	
7.38238706e+001	4.74488666e-001	
7.39291828e+001	4.06592607e-001	
7.40344951e+001	3.59254683e-001	
7.41398073e+001	3.56429172e-001	
7.42451195e+001	3.09590772e-001	
7.43504317e+001	2.64490422e-001	
7.44557440e+001	2.38812056e-001	
7.45610562e+001	2.33766177e-001	
7.46663684e+001	2.27798491e-001	
7.47716806e+001	2.17998480e-001	
7.48769929e+001	2.08219853e-001	
7.49823051e+001	1.98465770e-001	
7.50876173e+001	1.88740037e-001	
7.51929296e+001	1.77065376e-001	
7.52982418e+001	1.74912261e-001	
7.54035540e+001	1.74965173e-001	
7.55088662e+001	1.74102290e-001	
7.56141785e+001	1.73962571e-001	
7.57194907e+001	1.73562561e-001	
7.58248029e+001	1.67401167e-001	
7.59301151e+001	1.45907269e-001	
7.60354274e+001	1.65956171e-001	
7.61407396e+001	2.01279216e-001	
7.62460518e+001	2.67379906e-001	
7.63513640e+001	4.15398786e-001	
7.64566763e+001	5.53310020e-001	
7.65619885e+001	6.17989142e-001	
7.66673007e+001	6.78820518e-001	
7.67726129e+001	7.39647199e-001	
7.68779252e+001	7.62154269e-001	
7.69832374e+001	7.82566311e-001	
7.70885496e+001	8.22593325e-001	
7.71938618e+001	8.62985643e-001	
7.72991741e+001	8.90398284e-001	
7.74044863e+001	9.11092529e-001	
7.75097985e+001	9.31998028e-001	
7.76151108e+001	9.46431282e-001	
7.77204230e+001	9.58189698e-001	
7.78257352e+001	9.69984457e-001	
7.79310474e+001	9.81814249e-001	
7.80363597e+001	9.93677823e-001	
7.81416719e+001	1.00529600e+000	
7.82469841e+001	1.01688543e+000	
7.83522963e+001	1.02655059e+000	
7.84576086e+001	1.03154735e+000	
7.85629208e+001	1.03654411e+000	
7.86682330e+001	1.04154089e+000	
7.87735452e+001	1.04653767e+000	
7.88788575e+001	1.05153445e+000	
7.89841697e+001	1.05102888e+000	
7.90894819e+001	1.04502108e+000	
7.91947941e+001	1.03901344e+000	
7.93001064e+001	1.03300596e+000	
7.94054186e+001	1.02699865e+000	
7.95107308e+001	1.02099151e+000	
7.96160431e+001	1.01096569e+000	
7.97213553e+001	9.99283819e-001	
7.98266675e+001	9.87576393e-001	
7.99319797e+001	9.75651784e-001	
8.00372920e+001	9.63756774e-001	
8.01426042e+001	9.51892472e-001	
8.02479164e+001	9.40060043e-001	
8.03532286e+001	9.26611433e-001	
8.04585409e+001	9.09263197e-001	
8.05638531e+001	8.92093920e-001	
8.06691653e+001	8.67593761e-001	
8.07744775e+001	8.29005219e-001	
8.08797898e+001	7.90764974e-001	
8.09851020e+001	7.71778271e-001	
8.10904142e+001	7.49705055e-001	
8.11957264e+001	6.87719905e-001	
8.13010387e+001	6.26822460e-001	
8.14063509e+001	5.63429603e-001	
8.15116631e+001	4.24865988e-001	
8.16169754e+001	2.73549079e-001	
8.17222876e+001	2.04557956e-001	
8.18275998e+001	1.61979330e-001	
8.19329120e+001	1.30820479e-001	
8.20382243e+001	1.45170515e-001	
8.21435365e+001	1.46006091e-001	
8.22488487e+001	1.42091402e-001	
8.23541609e+001	1.42947793e-001	
8.24594732e+001	1.44864623e-001	
8.25647854e+001	1.45302319e-001	
8.26700976e+001	1.47614166e-001	
8.27754098e+001	1.60133174e-001	
8.28807221e+001	1.70057354e-001	
8.29860343e+001	1.79984743e-001	
8.30913465e+001	1.89914838e-001	
8.31966587e+001	1.99847236e-001	
8.33019710e+001	2.05948532e-001	
8.34072832e+001	2.11153242e-001	
8.35125954e+001	2.34925441e-001	
8.36179077e+001	2.78758839e-001	
8.37232199e+001	3.24465628e-001	
8.38285321e+001	3.35457241e-001	
8.39338443e+001	3.92205864e-001	
8.40391566e+001	4.71465562e-001	
8.41444688e+001	5.18741499e-001	
8.42497810e+001	5.80911076e-001	
8.43550932e+001	6.51707735e-001	
8.44604055e+001	7.11069543e-001	
8.45657177e+001	8.14786908e-001	
8.46710299e+001	9.44381680e-001	
8.47763421e+001	9.74132234e-001	
8.48816544e+001	1.01478806e+000	
8.49869666e+001	1.03602250e+000	
8.50922788e+001	1.03456516e+000	
8.51975910e+001	1.03580888e+000	
8.53029033e+001	1.04166115e+000	
8.54082155e+001	1.04751368e+000	
8.55135277e+001	1.05287091e+000	
8.56188400e+001	1.05822881e+000	
8.57241522e+001	1.06359237e+000	
8.58294644e+001	1.06896151e+000	
8.59347766e+001	1.07433616e+000	
8.60400889e+001	1.07976919e+000	
8.61454011e+001	1.08238512e+000	
8.62507133e+001	1.08467070e+000	
8.63560255e+001	1.08347708e+000	
8.64613378e+001	1.07800568e+000	
8.65666500e+001	1.07253684e+000	
8.66719622e+001	1.06707059e+000	
8.67772744e+001	1.06160698e+000	
8.68825867e+001	1.05609033e+000	
8.69878989e+001	1.05053104e+000	
8.70932111e+001	1.04485774e+000	
8.71985233e+001	1.03884771e+000	
8.73038356e+001	1.03283927e+000	
8.74091478e+001	1.02683243e+000	
8.75144600e+001	1.02082724e+000	
8.76197722e+001	1.01482371e+000	
8.77250845e+001	1.00568608e+000	
8.78303967e+001	9.88456699e-001	
8.79357089e+001	9.71243066e-001	
8.80410212e+001	9.45080945e-001	
8.81463334e+001	9.10744987e-001	
8.82516456e+001	8.76647428e-001	
8.83569578e+001	8.42817202e-001	
8.84622701e+001	8.21963297e-001	
8.85675823e+001	8.05437626e-001	
8.86728945e+001	7.50817605e-001	
8.87782067e+001	6.98057862e-001	
8.88835190e+001	6.39471154e-001	
8.89888312e+001	5.82387406e-001	
8.90941434e+001	4.21629567e-001	
8.91994556e+001	2.71212316e-001	
8.93047679e+001	2.07783763e-001	
8.94100801e+001	1.46711570e-001	
8.95153923e+001	1.09455632e-001	
8.96207045e+001	9.87381288e-002	
8.97260168e+001	9.04494092e-002	
8.98313290e+001	8.37727499e-002	
8.99366412e+001	7.51843663e-002	
9.00419535e+001	7.59990542e-002	
9.01472657e+001	9.56592284e-002	
9.02525779e+001	1.17994581e-001	
9.03578901e+001	1.38491134e-001	
9.04632024e+001	1.62023118e-001	
9.05685146e+001	1.98277555e-001	
9.06738268e+001	2.81222806e-001	
9.07791390e+001	3.15383082e-001	
9.08844513e+001	3.67300703e-001	
9.09897635e+001	3.89646455e-001	
9.10950757e+001	4.38479158e-001	
9.12003879e+001	4.87739663e-001	
9.13057002e+001	5.05571717e-001	
9.14110124e+001	5.77808517e-001	
9.15163246e+001	6.57080691e-001	
9.16216368e+001	6.64485888e-001	
9.17269491e+001	6.39141776e-001	
9.18322613e+001	5.94224319e-001	
9.19375735e+001	5.87881624e-001	
9.20428858e+001	5.86690995e-001	
9.21481980e+001	5.88941388e-001	
9.22535102e+001	5.94763175e-001	
9.23588224e+001	6.09894683e-001	
9.24641347e+001	6.34404322e-001	
9.25694469e+001	6.66813166e-001	
9.26747591e+001	7.08147284e-001	
9.27800713e+001	7.54903139e-001	
9.28853836e+001	8.05990686e-001	
9.29906958e+001	8.63402800e-001	
9.30960080e+001	9.24091808e-001	
9.32013202e+001	1.00766662e+000	
9.33066325e+001	1.12488284e+000	
9.34119447e+001	1.22696032e+000	
9.35172569e+001	1.26500560e+000	
9.36225691e+001	1.25678646e+000	
9.37278814e+001	1.23842552e+000	
9.38331936e+001	1.20336413e+000	
9.39385058e+001	1.13424539e+000	
9.40438181e+001	1.11060593e+000	
9.41491303e+001	1.08706624e+000	
9.42544425e+001	1.07875714e+000	
9.43597547e+001	1.07357194e+000	
9.44650670e+001	1.06841638e+000	
9.45703792e+001	1.06329089e+000	
9.46756914e+001	1.05819590e+000	
9.47810036e+001	1.05313853e+000	
9.48863159e+001	1.04407451e+000	
9.49916281e+001	1.03395666e+000	
9.50969403e+001	1.02292932e+000	
9.52022525e+001	1.00942250e+000	
9.53075648e+001	9.95988794e-001	
9.54128770e+001	9.82631212e-001	
9.55181892e+001	9.69194034e-001	
9.56235014e+001	9.55723929e-001	
9.57288137e+001	9.42257322e-001	
9.58341259e+001	9.38536627e-001	
9.59394381e+001	9.23791264e-001	
9.60447504e+001	8.64946230e-001	
9.61500626e+001	8.06173658e-001	
9.62553748e+001	7.47490640e-001	
9.63606870e+001	6.87358049e-001	
9.64659993e+001	5.95871543e-001	
9.65713115e+001	4.23482134e-001	
9.66766237e+001	3.29645796e-001	
9.67819359e+001	2.54280741e-001	
9.68872482e+001	1.94383511e-001	
9.69925604e+001	1.52067914e-001	
9.70978726e+001	1.18981956e-001	
9.72031848e+001	1.01014054e-001	
9.73084971e+001	8.48706299e-002	
9.74138093e+001	7.17350726e-002	
9.75191215e+001	5.96031581e-002	
9.76244337e+001	5.53202584e-002	
9.77297460e+001	5.94472130e-002	
9.78350582e+001	7.05227403e-002	
9.79403704e+001	8.92963539e-002	
9.80456826e+001	1.09964816e-001	
9.81509949e+001	1.29666879e-001	
9.82563071e+001	1.49616935e-001	
9.83616193e+001	1.70002655e-001	
9.84669316e+001	2.03787308e-001	
9.85722438e+001	2.77230988e-001	
9.86775560e+001	3.58932277e-001	
9.87828682e+001	4.40993639e-001	
9.88881805e+001	5.62996226e-001	
9.89934927e+001	7.24197656e-001	
9.90988049e+001	8.68484889e-001	
9.92041171e+001	9.48947572e-001	
9.93094294e+001	1.00570619e+000	
9.94147416e+001	1.06331975e+000	
9.95200538e+001	1.15578586e+000	
9.96253660e+001	1.14672816e+000	
9.97306783e+001	1.09293261e+000	
9.98359905e+001	1.02304547e+000	
9.99413027e+001	9.22158396e-001	
1.00046615e+002	8.69942644e-001	
1.00151927e+002	8.32691100e-001	
1.00257239e+002	7.96649799e-001	
1.00362552e+002	7.67622143e-001	
1.00467864e+002	7.49067180e-001	
1.00573176e+002	7.34149279e-001	
1.00678488e+002	7.23093580e-001	
1.00783801e+002	7.17984237e-001	
1.00889113e+002	7.16875062e-001	
1.00994425e+002	7.17629031e-001	
1.01099737e+002	7.20869844e-001	
1.01205049e+002	7.26564224e-001	
1.01310362e+002	7.34655118e-001	
1.01415674e+002	7.59725163e-001	
1.01520986e+002	8.03212767e-001	
1.01626298e+002	8.50305783e-001	
1.01731611e+002	8.99652563e-001	
1.01836923e+002	9.47522042e-001	
1.01942235e+002	9.95568039e-001	
1.02047547e+002	1.12611011e+000	
1.02152859e+002	1.20326193e+000	
1.02258172e+002	1.26219622e+000	
1.02363484e+002	1.25012295e+000	
1.02468796e+002	1.21641110e+000	
1.02574108e+002	1.17608042e+000	
1.02679421e+002	1.07962901e+000	
1.02784733e+002	1.02811751e+000	
1.02890045e+002	9.80637170e-001	
1.02995357e+002	9.47955892e-001	
1.03100670e+002	9.27093863e-001	
1.03205982e+002	9.06231928e-001	
1.03311294e+002	8.66218100e-001	
1.03416606e+002	8.14355624e-001	
1.03521918e+002	7.62854485e-001	
1.03627231e+002	7.56150158e-001	
1.03732543e+002	7.25952684e-001	
1.03837855e+002	6.74721446e-001	
1.03943167e+002	5.70213112e-001	
1.04048480e+002	4.60107113e-001	
1.04153792e+002	3.73095852e-001	
1.04259104e+002	3.14002846e-001	
1.04364416e+002	2.28872759e-001	
1.04469728e+002	1.44632694e-001	
1.04575041e+002	1.35668108e-001	
1.04680353e+002	1.36268759e-001	
1.04785665e+002	1.12156452e-001	
1.04890977e+002	9.72824166e-002	
1.04996290e+002	9.60394240e-002	
1.05101602e+002	9.64821315e-002	
1.05206914e+002	9.11466948e-002	
1.05312226e+002	1.04519736e-001	
1.05417538e+002	1.26986660e-001	
1.05522851e+002	1.61222643e-001	
1.05628163e+002	1.98917352e-001	
1.05733475e+002	2.37101170e-001	
1.05838787e+002	2.66869243e-001	
1.05944100e+002	2.60338780e-001	
1.06049412e+002	3.00553331e-001	
1.06154724e+002	3.90259540e-001	
1.06260036e+002	4.75145995e-001	
1.06365349e+002	5.16519220e-001	
1.06470661e+002	6.14377124e-001	
1.06575973e+002	7.27590541e-001	
1.06681285e+002	8.06800880e-001	
1.06786597e+002	8.47851618e-001	
1.06891910e+002	8.52737865e-001	
1.06997222e+002	8.68226279e-001	
1.07102534e+002	9.12069377e-001	
1.07207846e+002	9.56466766e-001	
1.07313159e+002	9.82724641e-001	
1.07418471e+002	1.00192705e+000	
1.07523783e+002	1.02119772e+000	
1.07629095e+002	1.07209732e+000	
1.07734407e+002	1.13198612e+000	
1.07839720e+002	1.19150927e+000	
1.07945032e+002	1.25123528e+000	
1.08050344e+002	1.31177298e+000	
1.08155656e+002	1.32052056e+000	
1.08260969e+002	1.32085228e+000	
1.08366281e+002	1.31101579e+000	
1.08471593e+002	1.14890005e+000	
1.08576905e+002	1.07572859e+000	
1.08682218e+002	1.01825578e+000	
1.08787530e+002	9.31090959e-001	
1.08892842e+002	8.44862854e-001	
1.08998154e+002	8.09779586e-001	
1.09103466e+002	7.84963680e-001	
1.09208779e+002	7.62344752e-001	
1.09314091e+002	7.42123713e-001	
1.09419403e+002	7.25883284e-001	
1.09524715e+002	7.14884383e-001	
1.09630028e+002	7.06542697e-001	
1.09735340e+002	7.00038005e-001	
1.09840652e+002	6.96417837e-001	
1.09945964e+002	7.11709931e-001	
1.10051276e+002	7.32786511e-001	
1.10156589e+002	7.56545305e-001	
1.10261901e+002	7.82742108e-001	
1.10367213e+002	8.11140739e-001	
1.10472525e+002	8.41533974e-001	
1.10577838e+002	8.77033078e-001	
1.10683150e+002	9.12412638e-001	
1.10788462e+002	1.03366916e+000	
1.10893774e+002	1.02530739e+000	
1.10999086e+002	1.07182132e+000	
1.11104399e+002	1.01812905e+000	
1.11209711e+002	9.38816432e-001	
1.11315023e+002	8.61097683e-001	
1.11420335e+002	7.55163187e-001	
1.11525648e+002	6.04776968e-001	
1.11630960e+002	4.49861080e-001	
1.11736272e+002	3.50777534e-001	
1.11841584e+002	2.72188952e-001	
1.11946897e+002	1.93787411e-001	
1.12052209e+002	1.38383982e-001	
1.12157521e+002	1.17241311e-001	
1.12262833e+002	1.01618692e-001	
1.12368145e+002	8.76903795e-002	
1.12473458e+002	7.20832588e-002	
1.12578770e+002	5.46591487e-002	
1.12684082e+002	5.53375597e-002	
1.12789394e+002	7.24969932e-002	
1.12894707e+002	9.34805334e-002	
1.13000019e+002	1.15686270e-001	
1.13105331e+002	1.33381557e-001	
1.13210643e+002	1.51707979e-001	
1.13315955e+002	1.70306803e-001	
1.13421268e+002	1.88906550e-001	
1.13526580e+002	2.27519786e-001	
1.13631892e+002	2.82838703e-001	
1.13737204e+002	3.37863459e-001	
1.13842517e+002	3.93372344e-001	
1.13947829e+002	5.44086167e-001	
1.14053141e+002	6.98427552e-001	
1.14158453e+002	7.75387002e-001	
1.14263765e+002	8.29097935e-001	
1.14369078e+002	8.81014150e-001	
1.14474390e+002	9.33134018e-001	
1.14579702e+002	9.84311180e-001	
1.14685014e+002	9.82810379e-001	
1.14790327e+002	9.92870198e-001	
1.14895639e+002	1.00741811e+000	
1.15000951e+002	1.02199184e+000	
1.15106263e+002	1.03447376e+000	
1.15211576e+002	1.04603985e+000	
1.15316888e+002	1.05765544e+000	
1.15422200e+002	1.06913282e+000	
1.15527512e+002	1.07778658e+000	
1.15632824e+002	1.08651370e+000	
1.15738137e+002	1.09215487e+000	
1.15843449e+002	1.09520287e+000	
1.15948761e+002	1.09825945e+000	
1.16054073e+002	1.10132205e+000	
1.16159386e+002	1.10439063e+000	
1.16264698e+002	1.10746512e+000	
1.16370010e+002	1.12129978e+000	
1.16475322e+002	1.14577335e+000	
1.16580634e+002	1.17298973e+000	
1.16685947e+002	1.21122224e+000	
1.16791259e+002	1.25025755e+000	
1.16896571e+002	1.26075745e+000	
1.17001883e+002	1.24562060e+000	
1.17107196e+002	1.23597327e+000	
1.17212508e+002	1.09308428e+000	
1.17317820e+002	9.81659248e-001	
1.17423132e+002	9.32220604e-001	
1.17528445e+002	8.54756166e-001	
1.17633757e+002	7.78793845e-001	
1.17739069e+002	7.25218006e-001	
1.17844381e+002	6.93815710e-001	
1.17949693e+002	6.68201087e-001	
1.18055006e+002	6.45910046e-001	
1.18160318e+002	6.27296999e-001	
1.18265630e+002	6.12697238e-001	
1.18370942e+002	6.02402631e-001	
1.18476255e+002	5.96043142e-001	
1.18581567e+002	5.94103682e-001	
1.18686879e+002	6.04937472e-001	
1.18792191e+002	6.65829996e-001	
1.18897503e+002	6.80305191e-001	
1.19002816e+002	6.42439027e-001	
1.19108128e+002	5.62982673e-001	
1.19213440e+002	5.11900077e-001	
1.19318752e+002	4.86696127e-001	
1.19424065e+002	4.42340491e-001	
1.19529377e+002	4.21012877e-001	
1.19634689e+002	3.71123973e-001	
1.19740001e+002	3.47061375e-001	
1.19845313e+002	2.90795350e-001	
1.19950626e+002	2.19158565e-001	
1.20055938e+002	1.82106359e-001	
1.20161250e+002	1.60871361e-001	
1.20266562e+002	1.39536237e-001	
1.20371875e+002	1.14043137e-001	
1.20477187e+002	8.97434551e-002	
1.20582499e+002	9.16766181e-002	
1.20687811e+002	9.50624900e-002	
1.20793124e+002	9.44075076e-002	
1.20898436e+002	9.70370426e-002	
1.21003748e+002	1.05952314e-001	
1.21109060e+002	1.44166941e-001	
1.21214372e+002	2.01709399e-001	
1.21319685e+002	2.63033311e-001	
1.21424997e+002	4.56965050e-001	
1.21530309e+002	5.68675771e-001	
1.21635621e+002	6.26659317e-001	
1.21740934e+002	6.85477342e-001	
1.21846246e+002	7.35455901e-001	
1.21951558e+002	7.84707076e-001	
1.22056870e+002	7.94052560e-001	
1.22162182e+002	8.23941902e-001	
1.22267495e+002	8.59388521e-001	
1.22372807e+002	8.95154470e-001	
1.22478119e+002	9.31202953e-001	
1.22583431e+002	9.55879290e-001	
1.22688744e+002	9.77966506e-001	
1.22794056e+002	9.99132290e-001	
1.22899368e+002	1.00387623e+000	
1.23004680e+002	1.00862223e+000	
1.23109992e+002	1.01337025e+000	
1.23215305e+002	1.01812027e+000	
1.23320617e+002	1.02287225e+000	
1.23425929e+002	1.02762187e+000	
1.23531241e+002	1.03232475e+000	
1.23636554e+002	1.03703572e+000	
1.23741866e+002	1.04165983e+000	
1.23847178e+002	1.04626541e+000	
1.23952490e+002	1.05087858e+000	
1.24057803e+002	1.05549924e+000	
1.24163115e+002	1.06012728e+000	
1.24268427e+002	1.05694251e+000	
1.24373739e+002	1.05273821e+000	
1.24479051e+002	1.04698909e+000	
1.24584364e+002	1.03933276e+000	
1.24689676e+002	1.03171269e+000	
1.24794988e+002	1.02409567e+000	
1.24900300e+002	1.01648176e+000	
1.25005613e+002	1.00887103e+000	
1.25110925e+002	1.00108555e+000	
1.25216237e+002	9.92963148e-001	
1.25321549e+002	9.84844227e-001	
1.25426861e+002	9.69039426e-001	
1.25532174e+002	9.53116642e-001	
1.25637486e+002	9.37195394e-001	
1.25742798e+002	9.28464877e-001	
1.25848110e+002	8.58159883e-001	
1.25953423e+002	7.75718080e-001	
1.26058735e+002	6.85895167e-001	
1.26164047e+002	5.45788025e-001	
1.26269359e+002	5.09291118e-001	
1.26374672e+002	4.87160984e-001	
1.26479984e+002	4.21317776e-001	
1.26585296e+002	3.65936042e-001	
1.26690608e+002	3.49178090e-001	
1.26795920e+002	3.43303255e-001	
1.26901233e+002	2.94748507e-001	
1.27006545e+002	2.48580282e-001	
1.27111857e+002	2.39571889e-001	
1.27217169e+002	2.32238425e-001	
1.27322482e+002	2.23650649e-001	
1.27427794e+002	2.15062904e-001	
1.27533106e+002	2.06475196e-001	
1.27638418e+002	1.96891772e-001	
1.27743730e+002	1.85522323e-001	
1.27849043e+002	1.74315048e-001	
1.27954355e+002	1.72988962e-001	
1.28059667e+002	1.74102563e-001	
1.28164979e+002	1.73683620e-001	
1.28270292e+002	1.70485780e-001	
1.28375604e+002	1.63299163e-001	
1.28480916e+002	1.56345882e-001	
1.28586228e+002	1.61720382e-001	
1.28691540e+002	1.93239981e-001	
1.28796853e+002	2.36121349e-001	
1.28902165e+002	3.47908179e-001	
1.29007477e+002	4.69129654e-001	
1.29112789e+002	5.59928787e-001	
1.29218102e+002	6.25891279e-001	
1.29323414e+002	6.89807075e-001	
1.29428726e+002	7.56439579e-001	
1.29534038e+002	7.64333950e-001	
1.29639351e+002	7.95015454e-001	
1.29744663e+002	8.35432480e-001	
1.29849975e+002	8.76075264e-001	
1.29955287e+002	8.97033045e-001	
1.30060599e+002	9.17901345e-001	
1.30165912e+002	9.38577861e-001	
1.30271224e+002	9.50366775e-001	
1.30376536e+002	9.62193177e-001	
1.30481848e+002	9.74055700e-001	
1.30587161e+002	9.85953041e-001	
1.30692473e+002	9.97829813e-001	
1.30797785e+002	1.00945552e+000	
1.30903097e+002	1.02110989e+000	
1.31008409e+002	1.02860948e+000	
1.31113722e+002	1.03363412e+000	
1.31219034e+002	1.03865877e+000	
1.31324346e+002	1.04368342e+000	
1.31429658e+002	1.04870809e+000	
1.31534971e+002	1.05373276e+000	
1.31640283e+002	1.04959859e+000	
1.31745595e+002	1.04363280e+000	
1.31850907e+002	1.03766717e+000	
1.31956220e+002	1.03170171e+000	
1.32061532e+002	1.02573642e+000	
1.32166844e+002	1.01954942e+000	
1.32272156e+002	1.00789349e+000	
1.32377468e+002	9.96262389e-001	
1.32482781e+002	9.84507686e-001	
1.32588093e+002	9.72635309e-001	
1.32693405e+002	9.60792908e-001	
1.32798717e+002	9.48981607e-001	
1.32904030e+002	9.37202581e-001	
1.33009342e+002	9.21946904e-001	
1.33114654e+002	9.04724434e-001	
1.33219966e+002	8.87684016e-001	
1.33325278e+002	8.56059376e-001	
1.33430591e+002	8.17581194e-001	
1.33535903e+002	7.80944600e-001	
1.33641215e+002	7.71526192e-001	
1.33746527e+002	7.30517705e-001	
1.33851840e+002	6.71028519e-001	
1.33957152e+002	6.07997847e-001	
1.34062464e+002	5.33743748e-001	
1.34167776e+002	3.70626587e-001	
1.34273088e+002	2.53218161e-001	
1.34378401e+002	1.83360463e-001	
1.34483713e+002	1.40211655e-001	
1.34589025e+002	1.43881593e-001	
1.34694337e+002	1.48059069e-001	
1.34799650e+002	1.46304598e-001	
1.34904962e+002	1.40969200e-001	
1.35010274e+002	1.41187585e-001	
1.35115586e+002	1.41400369e-001	
1.35220899e+002	1.40288235e-001	
1.35326211e+002	1.51021824e-001	
1.35431523e+002	1.55987047e-001	
1.35536835e+002	1.60975438e-001	
1.35642147e+002	1.65984907e-001	
1.35747460e+002	1.75767433e-001	
1.35852772e+002	1.88415557e-001	
1.35958084e+002	2.01068373e-001	
1.36063396e+002	2.09186772e-001	
1.36168709e+002	2.48318391e-001	
1.36274021e+002	2.96006851e-001	
1.36379333e+002	3.32579122e-001	
1.36484645e+002	3.40359519e-001	
1.36589957e+002	3.95116587e-001	
1.36695270e+002	4.68720203e-001	
1.36800582e+002	5.34820872e-001	
1.36905894e+002	5.88347813e-001	
1.37011206e+002	6.70581868e-001	
1.37116519e+002	8.11237981e-001	
1.37221831e+002	9.03803004e-001	
1.37327143e+002	9.89575235e-001	
1.37432455e+002	1.01085090e+000	
1.37537767e+002	1.01902246e+000	
1.37643080e+002	1.02753613e+000	
1.37748392e+002	1.03642197e+000	
1.37853704e+002	1.04352881e+000	
1.37959016e+002	1.04973375e+000	
1.38064329e+002	1.05581933e+000	
1.38169641e+002	1.06164609e+000	
1.38274953e+002	1.06747380e+000	
1.38380265e+002	1.07330244e+000	
1.38485578e+002	1.07913198e+000	
1.38590890e+002	1.08497614e+000	
1.38696202e+002	1.09007401e+000	
1.38801514e+002	1.09237965e+000	
1.38906826e+002	1.09471070e+000	
1.39012139e+002	1.09065855e+000	
1.39117451e+002	1.08483814e+000	
1.39222763e+002	1.07902033e+000	
1.39328075e+002	1.07320514e+000	
1.39433388e+002	1.06739263e+000	
1.39538700e+002	1.06148394e+000	
1.39644012e+002	1.05556518e+000	
1.39749324e+002	1.04919952e+000	
1.39854636e+002	1.04252345e+000	
1.39959949e+002	1.03584938e+000	
1.40065261e+002	1.02917736e+000	
1.40170573e+002	1.02250742e+000	
1.40275885e+002	1.01583960e+000	
1.40381198e+002	1.00215038e+000	
1.40486510e+002	9.84026440e-001	
1.40591822e+002	9.65915913e-001	
1.40697134e+002	9.33370023e-001	
1.40802447e+002	8.98510421e-001	
1.40907759e+002	8.63902422e-001	
1.41013071e+002	8.29577516e-001	
1.41118383e+002	8.17507220e-001	
1.41223695e+002	7.84742902e-001	
1.41329008e+002	7.31659548e-001	
1.41434320e+002	6.76359323e-001	
1.41539632e+002	6.18255617e-001	
1.41644944e+002	5.54268628e-001	
1.41750257e+002	3.52645421e-001	
1.41855569e+002	2.48348433e-001	
1.41960881e+002	1.85608760e-001	
1.42066193e+002	1.29763463e-001	
1.42171505e+002	1.04300041e-001	
1.42276818e+002	9.42386688e-002	
1.42382130e+002	8.67001742e-002	
1.42487442e+002	8.66080036e-002	
1.42592754e+002	9.04912350e-002	
1.42698067e+002	9.60812828e-002	
1.42803379e+002	1.07127480e-001	
1.42908691e+002	1.31082351e-001	
1.43014003e+002	1.71378132e-001	
1.43119315e+002	2.12373834e-001	
1.43224628e+002	2.34400419e-001	
1.43329940e+002	3.05642961e-001	
1.43435252e+002	3.79784491e-001	
1.43540564e+002	3.80763853e-001	
1.43645877e+002	4.00135895e-001	
1.43751189e+002	4.47731779e-001	
1.43856501e+002	4.95473114e-001	
1.43961813e+002	5.12315890e-001	
1.44067126e+002	5.83863370e-001	
1.44172438e+002	6.52460508e-001	
1.44277750e+002	6.38566428e-001	
1.44383062e+002	6.33623469e-001	
1.44488374e+002	6.41396920e-001	
1.44593687e+002	6.29992266e-001	
1.44698999e+002	6.31238323e-001	
1.44804311e+002	6.37591808e-001	
1.44909623e+002	6.46643704e-001	
1.45014936e+002	6.61058872e-001	
1.45120248e+002	6.80546903e-001	
1.45225560e+002	7.04687054e-001	
1.45330872e+002	7.33019852e-001	
1.45436184e+002	7.65079647e-001	
1.45541497e+002	8.00418723e-001	
1.45646809e+002	8.67102897e-001	
1.45752121e+002	9.40042957e-001	
1.45857433e+002	1.06740229e+000	
1.45962746e+002	1.15200314e+000	
1.46068058e+002	1.25123515e+000	
1.46173370e+002	1.26148023e+000	
1.46278682e+002	1.24324118e+000	
1.46383995e+002	1.22476155e+000	
1.46489307e+002	1.17287301e+000	
1.46594619e+002	1.12513340e+000	
1.46699931e+002	1.10398375e+000	
1.46805243e+002	1.08566631e+000	
1.46910556e+002	1.08126326e+000	
1.47015868e+002	1.07688430e+000	
1.47121180e+002	1.07252972e+000	
1.47226492e+002	1.06819982e+000	
1.47331805e+002	1.06389490e+000	
1.47437117e+002	1.05897048e+000	
1.47542429e+002	1.04914817e+000	
1.47647741e+002	1.03939336e+000	
1.47753053e+002	1.02673535e+000	
1.47858366e+002	1.01221459e+000	
1.47963678e+002	9.97765520e-001	
1.48068990e+002	9.83391296e-001	
1.48174302e+002	9.67456042e-001	
1.48279615e+002	9.51532188e-001	
1.48384927e+002	9.36097392e-001	
1.48490239e+002	9.37327888e-001	
1.48595551e+002	9.00931524e-001	
1.48700863e+002	8.41609365e-001	
1.48806176e+002	7.82360226e-001	
1.48911488e+002	7.23202054e-001	
1.49016800e+002	6.64227429e-001	
1.49122112e+002	5.35976974e-001	
1.49227425e+002	3.78842432e-001	
1.49332737e+002	3.03846484e-001	
1.49438049e+002	2.28723544e-001	
1.49543361e+002	1.80193510e-001	
1.49648674e+002	1.39354101e-001	
1.49753986e+002	1.12840148e-001	
1.49859298e+002	9.54267487e-002	
1.49964610e+002	8.05743256e-002	
1.50069922e+002	6.74240723e-002	
1.50175235e+002	5.71246680e-002	
1.50280547e+002	5.50570749e-002	
1.50385859e+002	6.11723569e-002	
1.50491171e+002	7.37436724e-002	
1.50596484e+002	9.39455929e-002	
1.50701796e+002	1.14034686e-001	
1.50807108e+002	1.33063991e-001	
1.50912420e+002	1.52602879e-001	
1.51017732e+002	1.72490371e-001	
1.51123045e+002	2.17559420e-001	
1.51228357e+002	2.98075273e-001	
1.51333669e+002	3.78616153e-001	
1.51438981e+002	4.52440699e-001	
1.51544294e+002	6.00188787e-001	
1.51649606e+002	7.52656455e-001	
1.51754918e+002	8.76296389e-001	
1.51860230e+002	9.86619332e-001	
1.51965542e+002	1.07596397e+000	
1.52070855e+002	1.10202533e+000	
1.52176167e+002	1.17149782e+000	
1.52281479e+002	1.07256475e+000	
1.52386791e+002	1.04332675e+000	
1.52492104e+002	1.02714106e+000	
1.52597416e+002	9.81957689e-001	
1.52702728e+002	9.17938954e-001	
1.52808040e+002	8.54381634e-001	
1.52913353e+002	8.21558046e-001	
1.53018665e+002	7.93432565e-001	
1.53123977e+002	7.67716177e-001	
1.53229289e+002	7.44658515e-001	
1.53334601e+002	7.24513465e-001	
1.53439914e+002	7.11651241e-001	
1.53545226e+002	7.08162985e-001	
1.53650538e+002	7.14934318e-001	
1.53755850e+002	7.28273303e-001	
1.53861163e+002	7.46280982e-001	
1.53966475e+002	7.68629287e-001	
1.54071787e+002	7.94952221e-001	
1.54177099e+002	8.27966752e-001	
1.54282411e+002	8.98898487e-001	
1.54387724e+002	9.70605965e-001	
1.54493036e+002	1.00948625e+000	
1.54598348e+002	1.03231092e+000	
1.54703660e+002	1.10604489e+000	
1.54808973e+002	1.23611947e+000	
1.54914285e+002	1.21385532e+000	
1.55019597e+002	1.21777837e+000	
1.55124909e+002	1.19722426e+000	
1.55230222e+002	1.12107530e+000	
1.55335534e+002	1.05306525e+000	
1.55440846e+002	1.00730471e+000	
1.55546158e+002	9.61865936e-001	
1.55651470e+002	9.38274720e-001	
1.55756783e+002	9.17448252e-001	
1.55862095e+002	8.96621826e-001	
1.55967407e+002	8.46590709e-001	
1.56072719e+002	7.95264824e-001	
1.56178032e+002	7.57764306e-001	
1.56283344e+002	7.55122058e-001	
1.56388656e+002	7.07173368e-001	
1.56493968e+002	6.44344087e-001	
1.56599280e+002	5.33110824e-001	
1.56704593e+002	4.24164043e-001	
1.56809905e+002	3.58922993e-001	
1.56915217e+002	2.85925936e-001	
1.57020529e+002	2.00924635e-001	
1.57125842e+002	1.32301578e-001	
1.57231154e+002	1.37539760e-001	
1.57336466e+002	1.27660625e-001	
1.57441778e+002	1.06155043e-001	
1.57547090e+002	9.54984490e-002	
1.57652403e+002	9.92492679e-002	
1.57757715e+002	9.44476400e-002	
1.57863027e+002	9.00135578e-002	
